,predictions,labels,left_ID,right_ID,datasets
0,0,0,2,3422,5
1,1,1,3,436,5
2,0,0,3,4209,5
3,0,0,3,1622,5
4,0,0,3,427,5
5,0,0,3,2158,5
6,0,0,3,2389,5
7,0,0,4,3186,5
8,0,0,4,144,5
9,0,0,4,1362,5
10,0,0,4,1164,5
11,0,0,4,4699,5
12,0,0,4,4440,5
13,0,0,4,4255,5
14,0,0,4,5632,5
15,0,0,4,1725,5
16,0,0,4,2241,5
17,0,0,8,3648,5
18,1,0,9,890,5
19,0,0,10,1484,5
20,0,0,10,1196,5
21,0,0,10,3199,5
22,0,0,10,4205,5
23,0,1,10,5104,5
24,0,0,10,3330,5
25,0,0,10,4052,5
26,0,0,10,4345,5
27,0,0,11,588,5
28,0,0,11,4966,5
29,0,0,11,1802,5
30,1,1,11,73,5
31,0,0,11,2459,5
32,0,0,11,3729,5
33,0,0,12,1165,5
34,0,0,12,1073,5
35,0,0,12,2448,5
36,0,0,13,3917,5
37,0,0,13,1381,5
38,0,0,13,2643,5
39,0,0,13,2116,5
40,0,0,13,4590,5
41,0,0,13,4164,5
42,0,0,13,4086,5
43,0,0,13,5079,5
44,0,0,13,3037,5
45,0,0,13,3138,5
46,0,0,14,2311,5
47,0,0,14,5223,5
48,0,0,14,2695,5
49,0,0,14,1986,5
50,0,0,14,4172,5
51,0,0,14,4367,5
52,0,0,14,5263,5
53,0,0,15,3065,5
54,0,0,15,1085,5
55,0,0,15,1667,5
56,0,0,15,1564,5
57,0,0,15,4809,5
58,0,0,15,4700,5
59,0,0,15,3557,5
60,0,0,15,5811,5
61,0,0,15,2881,5
62,0,0,15,2965,5
63,0,0,16,3486,5
64,0,0,16,958,5
65,0,0,18,1772,5
66,0,0,18,5355,5
67,0,0,18,3717,5
68,0,0,18,195,5
69,0,0,18,3736,5
70,0,0,18,4395,5
71,1,1,19,1263,5
72,1,0,21,4889,5
73,0,0,24,4539,5
74,0,0,24,1207,5
75,0,0,24,542,5
76,0,0,24,2200,5
77,0,0,25,4733,5
78,0,0,25,373,5
79,0,0,25,1699,5
80,0,0,25,590,5
81,0,0,25,5665,5
82,0,0,25,4994,5
83,0,0,25,4786,5
84,0,0,25,5682,5
85,0,0,25,3109,5
86,0,0,25,4118,5
87,0,0,26,5462,5
88,1,1,26,5190,5
89,0,1,27,5834,5
90,0,0,27,4975,5
91,0,0,28,1162,5
92,0,0,28,907,5
93,0,0,28,1260,5
94,0,0,28,4093,5
95,0,0,28,5582,5
96,0,0,28,1758,5
97,0,0,28,3777,5
98,0,0,28,4651,5
99,0,0,30,1814,5
100,1,1,31,3869,5
101,1,1,34,2605,5
102,0,0,35,3271,5
103,1,1,35,2885,5
104,0,0,36,4722,5
105,0,0,36,3288,5
106,0,0,36,3091,5
107,0,0,36,3463,5
108,0,0,37,3747,5
109,0,0,40,6051,5
110,0,0,40,3963,5
111,1,1,40,2930,5
112,0,0,40,5060,5
113,0,0,42,2038,5
114,1,1,42,734,5
115,0,0,42,605,5
116,0,0,42,3806,5
117,0,0,42,5841,5
118,0,0,43,2263,5
119,0,0,43,4757,5
120,0,0,43,2384,5
121,0,0,43,1151,5
122,0,0,43,2727,5
123,0,0,43,3029,5
124,0,0,43,5005,5
125,0,0,44,4162,5
126,1,0,44,2757,5
127,0,0,45,2008,5
128,0,0,45,3946,5
129,1,1,45,2168,5
130,0,0,45,1537,5
131,0,0,45,2401,5
132,0,0,45,3384,5
133,0,0,45,4838,5
134,0,0,46,3915,5
135,0,0,46,193,5
136,0,0,46,2978,5
137,0,0,46,329,5
138,0,0,46,4489,5
139,0,0,46,4282,5
140,0,0,46,5378,5
141,0,0,46,3344,5
142,0,0,46,3456,5
143,1,1,49,4413,5
144,0,0,49,327,5
145,0,0,50,4524,5
146,1,1,50,3695,5
147,0,0,54,5290,5
148,1,1,54,46,5
149,0,0,55,3237,5
150,0,0,57,5832,5
151,1,1,58,1668,5
152,0,0,59,4342,5
153,0,0,59,276,5
154,0,0,59,1875,5
155,0,0,59,1243,5
156,0,0,59,4926,5
157,0,0,59,4751,5
158,0,0,59,4576,5
159,0,0,59,5934,5
160,0,0,59,2745,5
161,0,0,59,3652,5
162,0,0,63,2560,5
163,0,0,63,651,5
164,0,0,63,1153,5
165,0,0,63,735,5
166,0,0,63,4776,5
167,0,0,63,2998,5
168,0,0,63,5360,5
169,0,0,63,1641,5
170,0,0,63,2445,5
171,0,0,64,2731,5
172,1,1,64,2415,5
173,0,0,64,5416,5
174,0,0,65,1630,5
175,0,0,66,2498,5
176,0,0,66,789,5
177,0,0,66,2749,5
178,0,0,66,4322,5
179,1,1,66,4373,5
180,0,0,66,3232,5
181,0,0,66,4296,5
182,0,0,66,4355,5
183,1,1,68,4927,5
184,0,1,69,738,5
185,0,0,69,4847,5
186,0,0,69,1642,5
187,0,0,69,594,5
188,0,0,69,2608,5
189,0,0,69,4615,5
190,0,0,70,3939,5
191,0,0,70,780,5
192,0,0,70,2186,5
193,0,0,70,1949,5
194,0,0,70,5400,5
195,0,0,70,5072,5
196,0,0,70,4617,5
197,0,0,70,5892,5
198,0,0,70,2265,5
199,0,0,70,3111,5
200,0,0,72,2988,5
201,0,0,72,23,5
202,0,0,72,1926,5
203,0,0,72,1627,5
204,0,0,72,4130,5
205,0,0,72,3682,5
206,0,0,72,3007,5
207,0,0,72,4171,5
208,0,0,72,2380,5
209,0,0,72,2853,5
210,0,0,74,3829,5
211,0,0,74,6,5
212,0,0,74,390,5
213,0,0,74,318,5
214,0,0,74,5074,5
215,0,0,74,4151,5
216,0,0,74,3953,5
217,0,0,74,5092,5
218,0,0,74,1682,5
219,0,0,74,3787,5
220,0,0,75,359,5
221,0,0,75,4384,5
222,1,1,75,1437,5
223,0,0,75,161,5
224,0,0,75,3586,5
225,0,0,75,4206,5
226,0,0,77,3013,5
227,0,0,77,1327,5
228,0,0,77,265,5
229,0,1,77,5547,5
230,1,0,77,5671,5
231,0,0,78,3067,5
232,0,0,78,2272,5
233,0,0,78,4161,5
234,0,0,79,4209,5
235,1,1,79,3271,5
236,0,0,79,1753,5
237,0,0,79,4075,5
238,0,0,80,5848,5
239,0,0,80,1811,5
240,0,0,82,4279,5
241,0,1,82,1005,5
242,0,0,82,5050,5
243,0,0,83,2798,5
244,0,0,83,95,5
245,0,0,85,4220,5
246,0,0,86,46,5
247,0,0,87,1748,5
248,0,0,87,1622,5
249,0,0,87,2308,5
250,0,0,87,4604,5
251,0,0,87,5130,5
252,0,0,87,2347,5
253,0,0,87,3194,5
254,0,0,87,4855,5
255,0,0,88,2664,5
256,0,0,89,1114,5
257,0,0,89,707,5
258,0,0,89,1290,5
259,0,0,89,3288,5
260,0,0,89,4160,5
261,0,0,89,2281,5
262,0,0,89,3235,5
263,0,0,89,3561,5
264,1,1,90,5260,5
265,1,1,91,2756,5
266,0,0,91,2436,5
267,0,0,92,1362,5
268,0,0,92,1164,5
269,0,0,92,1725,5
270,0,0,92,4247,5
271,0,0,92,5467,5
272,0,0,92,2241,5
273,0,0,92,3186,5
274,0,0,92,4440,5
275,0,0,94,5390,5
276,0,0,94,4223,5
277,0,0,94,5456,5
278,1,0,95,3319,5
279,0,0,97,3848,5
280,0,0,97,377,5
281,0,0,97,781,5
282,0,0,97,483,5
283,0,0,97,4618,5
284,0,0,97,4271,5
285,0,0,97,4158,5
286,0,0,97,5432,5
287,0,0,97,1203,5
288,0,0,97,2577,5
289,1,0,99,3085,5
290,0,0,100,5156,5
291,0,1,100,2766,5
292,0,0,101,6029,5
293,0,0,101,2074,5
294,0,0,104,6034,5
295,0,0,104,5735,5
296,0,0,106,4031,5
297,0,0,106,444,5
298,0,0,109,370,5
299,0,0,109,90,5
300,0,0,109,526,5
301,0,0,109,4472,5
302,0,0,109,5205,5
303,0,0,109,1798,5
304,0,0,109,4075,5
305,0,0,109,4689,5
306,0,0,110,5858,5
307,1,1,110,3604,5
308,0,0,111,5737,5
309,0,0,111,4773,5
310,0,0,112,2126,5
311,0,0,112,2089,5
312,0,0,112,1913,5
313,0,0,112,5779,5
314,0,0,112,5883,5
315,0,0,113,1197,5
316,0,0,113,877,5
317,0,0,113,4444,5
318,1,1,115,3616,5
319,0,0,118,4010,5
320,0,1,118,805,5
321,0,1,119,1251,5
322,0,0,119,5315,5
323,0,0,119,1323,5
324,0,0,119,542,5
325,0,0,119,1951,5
326,0,0,119,2328,5
327,1,1,120,3948,5
328,0,0,121,2566,5
329,0,0,121,140,5
330,0,0,121,4087,5
331,0,0,123,204,5
332,0,0,124,3686,5
333,0,0,124,1358,5
334,0,0,124,2545,5
335,0,0,124,1878,5
336,0,0,124,5458,5
337,0,0,124,5423,5
338,0,0,124,4012,5
339,0,0,124,5790,5
340,0,0,124,3622,5
341,0,0,124,3634,5
342,1,1,126,2765,5
343,1,1,127,3872,5
344,0,0,128,4195,5
345,0,0,128,897,5
346,0,0,128,3592,5
347,0,0,128,1454,5
348,0,0,128,5541,5
349,0,0,128,5203,5
350,0,0,128,4233,5
351,0,0,128,5724,5
352,0,0,128,3783,5
353,0,0,128,4055,5
354,1,1,129,1443,5
355,0,0,131,4824,5
356,0,0,133,1152,5
357,0,0,133,5453,5
358,0,0,133,2657,5
359,0,0,133,299,5
360,0,0,133,3963,5
361,0,0,133,4161,5
362,0,0,135,4682,5
363,0,0,135,1434,5
364,1,1,136,1461,5
365,0,0,137,5976,5
366,0,0,137,3688,5
367,0,0,138,2138,5
368,0,0,138,5161,5
369,0,0,138,3294,5
370,1,1,138,41,5
371,0,0,138,3626,5
372,0,0,138,3807,5
373,0,0,142,3029,5
374,0,0,142,1890,5
375,0,0,145,5423,5
376,1,1,147,1924,5
377,0,0,148,2727,5
378,0,0,148,291,5
379,0,0,148,3658,5
380,0,0,150,3404,5
381,0,0,150,1269,5
382,0,0,150,1532,5
383,0,0,150,1492,5
384,0,0,150,4301,5
385,0,0,150,3528,5
386,0,0,150,5071,5
387,0,0,150,1938,5
388,0,0,150,2407,5
389,0,0,151,5588,5
390,0,1,151,5124,5
391,0,0,154,4310,5
392,0,0,154,1619,5
393,0,0,154,2318,5
394,0,0,154,2137,5
395,0,0,154,5578,5
396,0,0,154,4761,5
397,0,0,154,4359,5
398,0,0,154,5620,5
399,0,0,154,2548,5
400,0,0,154,3166,5
401,0,0,155,4437,5
402,0,0,155,11,5
403,0,0,155,2125,5
404,0,0,155,1907,5
405,0,0,155,5369,5
406,0,0,155,5172,5
407,0,0,155,5382,5
408,0,0,155,2247,5
409,0,0,155,2580,5
410,0,0,156,3830,5
411,0,0,156,1545,5
412,1,1,156,1049,5
413,0,0,156,1694,5
414,0,0,158,1290,5
415,0,0,158,412,5
416,0,0,158,1818,5
417,0,0,158,4591,5
418,0,0,158,5767,5
419,0,0,158,2513,5
420,0,0,158,2674,5
421,0,0,158,4906,5
422,0,0,160,359,5
423,0,0,160,3671,5
424,0,0,160,2178,5
425,0,0,160,323,5
426,0,0,160,2362,5
427,0,0,160,2735,5
428,1,0,160,3999,5
429,1,1,161,1356,5
430,0,0,162,199,5
431,0,0,162,106,5
432,0,0,162,1223,5
433,0,0,162,4579,5
434,0,0,162,5951,5
435,0,0,162,2268,5
436,0,0,162,2848,5
437,0,0,162,4968,5
438,1,1,163,5138,5
439,0,0,164,1641,5
440,0,0,164,1153,5
441,0,0,164,210,5
442,0,0,164,2445,5
443,0,0,164,2998,5
444,0,0,165,5480,5
445,0,0,165,1989,5
446,0,0,165,612,5
447,0,0,165,5309,5
448,0,0,166,1721,5
449,0,0,166,3160,5
450,0,0,166,1742,5
451,0,0,166,715,5
452,0,0,166,2579,5
453,0,0,166,3115,5
454,0,0,168,3332,5
455,0,0,168,475,5
456,0,0,168,4930,5
457,0,0,169,4599,5
458,0,0,170,1280,5
459,0,1,170,1000,5
460,0,0,170,3890,5
461,0,0,172,2914,5
462,0,0,173,5334,5
463,0,1,173,3564,5
464,0,0,175,509,5
465,0,0,175,393,5
466,0,0,175,1571,5
467,1,1,175,4589,5
468,0,0,175,5465,5
469,0,0,175,2710,5
470,0,0,175,2986,5
471,0,0,175,4904,5
472,1,0,176,4786,5
473,0,0,177,3886,5
474,1,0,177,256,5
475,0,0,179,5247,5
476,0,0,179,4090,5
477,0,0,179,543,5
478,0,0,179,5069,5
479,1,0,180,1330,5
480,0,0,182,3410,5
481,0,0,182,1168,5
482,0,1,183,3170,5
483,0,0,183,2268,5
484,0,0,183,756,5
485,0,0,183,3370,5
486,0,0,183,5951,5
487,0,0,184,1456,5
488,0,0,184,1134,5
489,1,0,184,1470,5
490,0,0,185,3829,5
491,0,0,185,729,5
492,0,0,185,2428,5
493,0,0,185,1205,5
494,0,0,185,5335,5
495,0,0,185,4815,5
496,0,0,185,4548,5
497,0,0,185,5648,5
498,0,0,185,3060,5
499,0,0,185,3811,5
500,0,1,188,4610,5
501,0,0,190,2884,5
502,0,0,190,883,5
503,0,0,190,1665,5
504,0,0,190,1638,5
505,0,0,190,5142,5
506,0,0,190,3501,5
507,0,0,190,3036,5
508,0,0,190,5187,5
509,0,0,190,1781,5
510,0,0,190,2521,5
511,1,1,193,4188,5
512,0,0,193,499,5
513,0,0,194,1242,5
514,0,0,194,4788,5
515,0,0,194,2870,5
516,0,1,194,670,5
517,0,0,194,3714,5
518,0,0,194,3963,5
519,0,0,194,5331,5
520,0,0,195,1464,5
521,0,0,196,1569,5
522,0,0,196,1200,5
523,0,0,196,783,5
524,0,0,196,2123,5
525,0,0,196,2742,5
526,0,0,199,570,5
527,0,0,199,5310,5
528,0,0,199,1591,5
529,0,0,199,561,5
530,0,0,199,3472,5
531,0,0,199,4008,5
532,0,0,199,5380,5
533,0,0,200,3504,5
534,0,0,200,2301,5
535,0,1,200,1233,5
536,0,0,200,3693,5
537,0,0,200,4406,5
538,0,0,201,644,5
539,0,0,201,3014,5
540,0,0,201,1103,5
541,1,0,201,168,5
542,0,0,201,1324,5
543,0,0,201,1327,5
544,0,0,202,4105,5
545,0,0,202,584,5
546,0,0,202,2561,5
547,0,0,202,2263,5
548,0,0,202,4682,5
549,0,0,202,4221,5
550,0,0,202,4896,5
551,0,0,202,3024,5
552,0,0,202,3374,5
553,0,1,203,3859,5
554,0,0,204,1242,5
555,0,0,204,214,5
556,0,0,204,1885,5
557,0,0,204,3374,5
558,0,0,204,5448,5
559,0,0,204,2023,5
560,0,0,204,2661,5
561,0,0,204,5076,5
562,0,0,205,3956,5
563,0,0,205,6041,5
564,0,0,205,4133,5
565,0,0,205,3915,5
566,0,0,205,4862,5
567,0,0,205,5595,5
568,0,1,206,1336,5
569,0,0,208,2452,5
570,0,0,213,5462,5
571,1,1,213,4230,5
572,0,0,214,853,5
573,0,0,214,4143,5
574,0,0,214,1234,5
575,0,0,214,302,5
576,0,0,214,3637,5
577,0,0,214,3847,5
578,0,0,214,5914,5
579,1,1,216,2503,5
580,0,0,216,2037,5
581,0,1,217,1085,5
582,0,0,218,1253,5
583,0,0,218,4860,5
584,0,0,218,2661,5
585,0,0,218,1110,5
586,0,0,218,3510,5
587,1,1,218,4178,5
588,0,0,218,4935,5
589,0,0,219,2205,5
590,0,0,219,994,5
591,0,0,219,2624,5
592,0,1,221,2292,5
593,0,0,222,2449,5
594,0,0,222,779,5
595,0,0,222,5069,5
596,1,1,223,4173,5
597,0,0,223,608,5
598,0,0,223,303,5
599,0,0,223,2604,5
600,0,0,224,4489,5
601,0,0,224,1158,5
602,0,0,224,2836,5
603,0,0,224,1788,5
604,0,0,224,5052,5
605,0,0,224,4642,5
606,0,0,224,4565,5
607,0,0,224,5141,5
608,0,0,224,2856,5
609,0,0,224,3036,5
610,0,0,225,4164,5
611,0,0,225,2116,5
612,0,0,225,3138,5
613,0,0,225,3037,5
614,0,0,225,5079,5
615,0,0,225,4590,5
616,0,0,225,5854,5
617,0,0,225,3917,5
618,0,0,225,4086,5
619,1,1,226,4202,5
620,0,1,227,454,5
621,0,0,228,5922,5
622,0,0,228,799,5
623,0,0,229,5456,5
624,0,0,229,796,5
625,0,0,231,1551,5
626,0,0,231,4641,5
627,0,0,231,3451,5
628,0,0,231,847,5
629,0,0,231,3457,5
630,0,0,231,4256,5
631,0,0,231,5167,5
632,1,1,232,5603,5
633,0,0,232,3546,5
634,0,0,233,3431,5
635,0,0,234,2599,5
636,0,0,234,1342,5
637,0,0,234,4565,5
638,0,1,235,6053,5
639,0,0,235,4800,5
640,0,0,236,3238,5
641,0,0,238,2384,5
642,0,0,238,1204,5
643,0,0,238,654,5
644,0,0,238,2727,5
645,0,0,238,5139,5
646,0,0,239,2890,5
647,1,0,239,1554,5
648,0,0,239,1805,5
649,0,0,239,1564,5
650,0,0,239,3764,5
651,0,0,239,3268,5
652,0,0,239,5678,5
653,0,0,239,1976,5
654,0,0,239,2369,5
655,0,0,240,5584,5
656,1,1,240,416,5
657,0,0,240,185,5
658,0,0,240,4342,5
659,0,0,241,3628,5
660,0,0,241,1966,5
661,1,1,244,1676,5
662,0,0,246,4873,5
663,0,0,246,100,5
664,0,0,246,5858,5
665,0,0,247,856,5
666,0,0,247,4484,5
667,0,0,247,1952,5
668,0,1,247,468,5
669,0,0,247,2365,5
670,0,0,247,3599,5
671,0,0,247,5383,5
672,0,0,249,3878,5
673,0,0,249,2683,5
674,0,0,249,5753,5
675,1,1,251,1482,5
676,0,0,251,182,5
677,1,1,252,1200,5
678,0,0,253,3198,5
679,0,0,253,443,5
680,0,0,253,2053,5
681,0,0,253,1342,5
682,0,0,253,5455,5
683,0,0,253,4565,5
684,0,0,253,5693,5
685,0,0,253,2561,5
686,0,0,253,2681,5
687,0,1,256,4993,5
688,1,1,257,1893,5
689,0,0,257,995,5
690,0,0,260,3113,5
691,0,0,260,1109,5
692,0,0,260,1878,5
693,0,0,260,1621,5
694,0,0,260,4642,5
695,0,0,260,4602,5
696,0,0,260,5129,5
697,0,0,260,2164,5
698,0,0,260,2836,5
699,0,0,261,4240,5
700,0,0,261,1691,5
701,0,0,261,2471,5
702,0,0,261,2294,5
703,0,0,261,5315,5
704,0,0,261,4293,5
705,0,0,261,5771,5
706,0,0,261,2957,5
707,0,0,261,4049,5
708,0,0,262,1127,5
709,0,0,263,1269,5
710,0,0,263,12,5
711,0,0,263,2353,5
712,0,0,263,3712,5
713,0,0,263,4649,5
714,0,0,263,2668,5
715,0,0,263,2855,5
716,0,0,263,3806,5
717,0,0,265,5550,5
718,0,0,265,4444,5
719,0,0,265,5905,5
720,0,0,266,5105,5
721,0,0,266,221,5
722,0,0,266,5568,5
723,0,0,267,352,5
724,0,0,269,3380,5
725,0,0,269,537,5
726,0,0,269,1532,5
727,0,0,269,1018,5
728,0,0,269,4713,5
729,1,1,269,4381,5
730,0,0,269,3781,5
731,0,0,269,5693,5
732,0,0,269,2803,5
733,0,0,269,3078,5
734,0,0,270,5807,5
735,0,0,271,4186,5
736,0,0,271,221,5
737,0,0,271,3440,5
738,0,0,271,2241,5
739,0,0,271,5568,5
740,0,0,271,5105,5
741,0,0,271,5843,5
742,0,0,271,3474,5
743,0,0,271,4030,5
744,0,0,272,5943,5
745,0,0,273,3779,5
746,0,0,273,38,5
747,0,0,273,623,5
748,1,1,273,225,5
749,0,0,273,4403,5
750,0,0,273,3970,5
751,0,0,273,4482,5
752,0,0,273,1146,5
753,0,0,273,1450,5
754,1,0,275,2517,5
755,0,0,275,3787,5
756,0,0,275,2870,5
757,0,0,275,2453,5
758,0,0,275,3203,5
759,0,0,275,3242,5
760,0,0,278,2503,5
761,0,0,278,1376,5
762,0,0,278,166,5
763,0,0,278,3548,5
764,0,0,278,3863,5
765,0,0,279,2269,5
766,0,0,279,56,5
767,0,0,279,2531,5
768,0,0,279,4152,5
769,0,0,279,5589,5
770,0,0,279,3495,5
771,0,0,279,3539,5
772,0,0,279,4446,5
773,0,0,280,5682,5
774,0,0,280,3020,5
775,0,0,280,1768,5
776,0,0,280,3731,5
777,0,0,282,1881,5
778,0,0,283,3298,5
779,0,0,283,3297,5
780,0,0,283,5437,5
781,0,0,284,1257,5
782,0,0,284,998,5
783,1,1,285,5205,5
784,0,0,286,5723,5
785,0,0,286,86,5
786,0,0,287,3601,5
787,0,1,287,714,5
788,0,0,287,5163,5
789,0,0,288,4027,5
790,0,0,288,2873,5
791,0,0,289,272,5
792,0,0,289,3378,5
793,0,0,289,277,5
794,1,1,289,139,5
795,0,0,289,1622,5
796,0,0,289,1791,5
797,0,0,290,4206,5
798,0,0,290,160,5
799,0,0,290,1044,5
800,0,0,290,496,5
801,0,0,290,4962,5
802,0,0,290,4478,5
803,0,0,290,6036,5
804,0,0,290,1205,5
805,0,0,290,1999,5
806,0,0,291,1506,5
807,0,0,291,5187,5
808,1,1,291,2156,5
809,0,0,291,417,5
810,0,0,291,3403,5
811,0,0,291,3938,5
812,0,0,291,5814,5
813,1,1,292,4969,5
814,0,0,296,5143,5
815,0,0,296,3684,5
816,0,0,296,209,5
817,0,0,296,3963,5
818,0,0,297,5902,5
819,0,0,297,1242,5
820,0,0,298,1426,5
821,0,0,298,3996,5
822,0,0,298,1539,5
823,0,0,298,1159,5
824,0,0,298,2607,5
825,0,0,298,3852,5
826,0,0,298,4171,5
827,0,0,299,5280,5
828,0,0,299,426,5
829,0,0,299,1173,5
830,0,0,299,1096,5
831,0,0,299,5900,5
832,0,0,299,5766,5
833,0,0,299,5755,5
834,0,0,299,5996,5
835,0,0,299,2407,5
836,0,0,299,4361,5
837,0,0,300,1625,5
838,0,0,301,3988,5
839,0,0,301,187,5
840,0,0,301,1937,5
841,0,0,301,1219,5
842,0,0,301,4670,5
843,0,0,301,4534,5
844,0,0,301,3990,5
845,0,0,301,5863,5
846,0,0,301,2383,5
847,0,0,301,3790,5
848,0,0,303,4221,5
849,0,0,304,1958,5
850,0,0,304,5348,5
851,0,0,304,3115,5
852,0,0,304,654,5
853,0,1,304,3629,5
854,0,0,304,5241,5
855,0,0,304,5577,5
856,0,0,307,5782,5
857,1,1,307,789,5
858,0,0,309,1540,5
859,0,0,309,629,5
860,0,0,309,1835,5
861,0,1,309,4306,5
862,0,0,309,5954,5
863,0,0,309,2908,5
864,0,0,309,4126,5
865,0,0,309,5595,5
866,0,1,310,5268,5
867,0,0,310,2144,5
868,0,0,311,1676,5
869,0,0,311,1146,5
870,0,0,311,2116,5
871,0,0,311,4341,5
872,0,0,311,4870,5
873,0,0,311,2401,5
874,0,0,311,3779,5
875,0,0,311,4662,5
876,0,0,312,4543,5
877,0,0,312,4531,5
878,0,1,312,4934,5
879,0,0,313,3512,5
880,0,0,314,5976,5
881,1,1,314,969,5
882,0,0,315,5209,5
883,1,1,315,3429,5
884,0,0,316,271,5
885,0,0,316,268,5
886,0,0,316,519,5
887,0,0,316,2803,5
888,0,0,316,5952,5
889,0,0,316,1219,5
890,0,0,316,2317,5
891,0,0,316,3095,5
892,0,0,320,893,5
893,0,0,320,4910,5
894,0,0,320,1167,5
895,0,0,320,891,5
896,0,0,320,1220,5
897,1,1,320,4683,5
898,0,0,320,5866,5
899,0,0,321,2877,5
900,1,1,321,5162,5
901,0,0,321,3307,5
902,0,0,321,1031,5
903,0,0,321,3537,5
904,0,0,321,4279,5
905,0,0,322,5456,5
906,1,0,322,5337,5
907,0,1,323,4226,5
908,1,1,324,3835,5
909,0,0,324,552,5
910,0,0,325,2080,5
911,0,0,325,1242,5
912,0,0,325,27,5
913,0,0,325,1718,5
914,0,0,327,4017,5
915,0,0,327,339,5
916,0,0,327,1757,5
917,0,0,327,873,5
918,0,0,327,5404,5
919,0,0,327,5074,5
920,0,0,327,4119,5
921,0,0,327,5920,5
922,0,0,327,2713,5
923,0,0,327,2902,5
924,0,1,329,5150,5
925,0,0,333,5703,5
926,0,0,333,3476,5
927,0,0,333,2395,5
928,0,0,333,4872,5
929,1,1,334,3413,5
930,0,0,334,5942,5
931,0,0,334,4043,5
932,0,0,334,371,5
933,0,0,334,4549,5
934,0,0,334,5481,5
935,0,0,336,2550,5
936,0,0,336,424,5
937,0,0,336,2978,5
938,0,0,337,2066,5
939,0,0,337,5431,5
940,0,0,337,2085,5
941,0,0,337,1465,5
942,0,0,337,4844,5
943,0,0,337,5199,5
944,0,0,339,3386,5
945,0,0,340,1730,5
946,0,0,340,335,5
947,0,0,340,1164,5
948,1,0,340,866,5
949,0,0,340,4247,5
950,0,0,340,3919,5
951,0,0,340,2210,5
952,0,0,340,5467,5
953,0,0,340,1610,5
954,0,0,340,1725,5
955,0,0,341,2372,5
956,0,0,341,4702,5
957,0,0,341,2469,5
958,0,0,341,2233,5
959,0,0,341,2809,5
960,0,0,341,3054,5
961,0,0,341,5725,5
962,0,0,342,4320,5
963,0,0,342,210,5
964,0,0,342,4875,5
965,0,0,344,3568,5
966,0,0,344,1949,5
967,0,0,344,5079,5
968,0,1,345,5040,5
969,0,0,346,5334,5
970,0,0,353,1589,5
971,0,0,353,167,5
972,0,0,353,459,5
973,0,0,353,235,5
974,0,0,353,3138,5
975,0,0,353,2625,5
976,0,0,353,5174,5
977,0,0,353,651,5
978,0,0,353,854,5
979,1,1,354,4206,5
980,0,0,355,4990,5
981,0,0,355,3785,5
982,0,0,355,3755,5
983,0,0,355,4016,5
984,0,0,358,3950,5
985,0,0,358,1678,5
986,0,0,358,4873,5
987,0,0,361,3194,5
988,1,0,361,2347,5
989,0,0,363,1386,5
990,0,0,363,4569,5
991,0,0,363,2655,5
992,0,0,363,743,5
993,0,0,363,4050,5
994,0,0,363,4092,5
995,0,0,363,5113,5
996,0,0,366,6048,5
997,0,0,366,3692,5
998,0,0,366,2219,5
999,0,0,366,5917,5
1000,0,0,367,719,5
1001,0,0,368,4908,5
1002,0,0,368,479,5
1003,0,0,368,5258,5
1004,1,1,369,2308,5
1005,0,0,370,1465,5
1006,0,0,370,4066,5
1007,0,0,370,2405,5
1008,0,0,370,588,5
1009,0,0,370,3562,5
1010,0,0,370,3888,5
1011,0,0,371,4164,5
1012,0,0,371,4086,5
1013,0,0,371,2116,5
1014,0,0,371,4590,5
1015,0,0,371,5079,5
1016,0,0,374,3918,5
1017,0,0,374,1718,5
1018,0,0,374,2308,5
1019,0,0,374,1748,5
1020,0,0,374,5434,5
1021,0,0,374,5053,5
1022,0,0,374,4768,5
1023,0,0,374,5448,5
1024,0,0,374,2857,5
1025,0,0,374,3518,5
1026,0,0,375,4257,5
1027,0,0,375,1481,5
1028,1,0,375,997,5
1029,0,0,375,3507,5
1030,0,0,376,1097,5
1031,0,0,376,6041,5
1032,0,0,376,2145,5
1033,0,0,376,320,5
1034,0,0,376,5415,5
1035,0,0,376,5538,5
1036,0,0,377,3211,5
1037,0,0,377,364,5
1038,0,0,377,548,5
1039,0,0,377,476,5
1040,0,0,377,4411,5
1041,0,0,377,4217,5
1042,0,0,377,3309,5
1043,0,0,377,4825,5
1044,0,0,377,831,5
1045,0,0,377,2125,5
1046,0,0,378,1161,5
1047,0,0,378,5938,5
1048,0,0,378,2971,5
1049,0,1,378,569,5
1050,0,0,378,3527,5
1051,0,0,378,4371,5
1052,0,0,379,2427,5
1053,1,1,379,2305,5
1054,0,0,381,1138,5
1055,0,0,381,450,5
1056,0,0,381,1351,5
1057,0,0,381,3064,5
1058,1,1,381,5630,5
1059,0,0,381,1599,5
1060,0,0,381,2157,5
1061,0,0,381,3700,5
1062,0,0,384,5906,5
1063,0,0,384,3718,5
1064,0,0,384,69,5
1065,0,0,384,4257,5
1066,0,0,385,2579,5
1067,0,0,385,2392,5
1068,0,0,385,296,5
1069,0,0,385,3293,5
1070,1,1,385,5103,5
1071,1,1,387,2869,5
1072,0,0,387,1579,5
1073,0,0,387,3038,5
1074,1,0,388,4695,5
1075,0,0,388,3623,5
1076,0,0,389,4935,5
1077,0,0,389,209,5
1078,0,0,389,1692,5
1079,0,0,389,1677,5
1080,0,0,389,5326,5
1081,0,0,389,5131,5
1082,0,0,389,5021,5
1083,0,0,389,5573,5
1084,0,0,389,3447,5
1085,0,0,389,3470,5
1086,0,0,390,3617,5
1087,0,0,390,1900,5
1088,0,0,390,4379,5
1089,0,1,392,1127,5
1090,0,0,393,2805,5
1091,0,0,393,2494,5
1092,0,0,393,2035,5
1093,1,1,393,3317,5
1094,0,0,393,4468,5
1095,0,0,394,4687,5
1096,0,0,395,5867,5
1097,0,0,395,3321,5
1098,0,0,395,3265,5
1099,1,1,395,5108,5
1100,0,0,396,1636,5
1101,0,0,396,945,5
1102,0,0,404,3203,5
1103,1,1,405,420,5
1104,1,1,408,5449,5
1105,0,0,411,1038,5
1106,0,0,411,578,5
1107,0,0,411,5966,5
1108,0,0,412,3940,5
1109,0,0,412,2111,5
1110,0,0,412,4846,5
1111,0,0,415,4694,5
1112,0,0,415,47,5
1113,0,0,415,521,5
1114,0,0,415,505,5
1115,0,0,415,5549,5
1116,0,0,415,4989,5
1117,0,0,415,4770,5
1118,0,0,415,5791,5
1119,0,0,415,2554,5
1120,0,0,415,3508,5
1121,0,0,416,4413,5
1122,0,0,416,304,5
1123,0,0,416,1045,5
1124,0,0,416,519,5
1125,0,0,416,5420,5
1126,0,0,416,5125,5
1127,0,0,416,5701,5
1128,0,0,416,2795,5
1129,0,0,416,3695,5
1130,1,1,417,2096,5
1131,0,0,418,2667,5
1132,0,0,418,310,5
1133,0,0,418,633,5
1134,0,0,418,428,5
1135,0,0,418,5516,5
1136,0,0,418,5403,5
1137,0,0,418,3658,5
1138,0,0,418,5720,5
1139,0,0,418,1683,5
1140,0,0,418,2043,5
1141,1,1,421,5503,5
1142,0,0,421,948,5
1143,0,0,421,5871,5
1144,0,0,423,3898,5
1145,0,0,423,233,5
1146,0,0,423,1246,5
1147,0,0,423,405,5
1148,1,0,423,5070,5
1149,0,0,423,4903,5
1150,0,0,423,4176,5
1151,0,0,423,5173,5
1152,0,0,423,2068,5
1153,0,0,423,2379,5
1154,0,0,426,3214,5
1155,0,0,426,647,5
1156,0,0,426,1886,5
1157,0,0,426,1664,5
1158,0,0,426,4850,5
1159,0,0,426,3897,5
1160,0,0,426,3683,5
1161,0,0,426,5173,5
1162,0,0,426,2180,5
1163,0,0,426,2652,5
1164,0,0,427,2885,5
1165,1,1,427,5948,5
1166,0,0,427,4209,5
1167,0,0,427,593,5
1168,0,0,427,5358,5
1169,0,0,427,5598,5
1170,1,1,428,5675,5
1171,1,1,430,5321,5
1172,0,0,431,5883,5
1173,0,0,431,3478,5
1174,0,0,432,2657,5
1175,0,0,432,485,5
1176,0,0,432,2051,5
1177,0,0,432,862,5
1178,0,0,432,3833,5
1179,0,0,432,3083,5
1180,0,0,432,3017,5
1181,0,0,432,4472,5
1182,0,0,432,2471,5
1183,0,0,432,2573,5
1184,0,0,433,4719,5
1185,1,0,433,2806,5
1186,0,0,434,3550,5
1187,0,0,434,176,5
1188,0,0,435,4567,5
1189,0,0,435,434,5
1190,0,0,435,1279,5
1191,0,0,435,1194,5
1192,0,0,435,5047,5
1193,0,0,435,4915,5
1194,0,0,435,4593,5
1195,0,0,435,5555,5
1196,0,0,435,1508,5
1197,0,0,435,3328,5
1198,0,0,437,4310,5
1199,0,0,437,476,5
1200,0,0,437,1830,5
1201,0,0,437,1361,5
1202,0,0,437,5587,5
1203,0,0,437,5076,5
1204,0,0,437,5048,5
1205,0,0,437,5937,5
1206,0,0,437,2157,5
1207,0,0,437,3994,5
1208,0,0,438,2144,5
1209,1,1,438,86,5
1210,0,0,440,5561,5
1211,0,0,440,2099,5
1212,0,0,443,1114,5
1213,1,1,443,788,5
1214,0,0,444,1759,5
1215,0,0,445,3642,5
1216,0,0,445,647,5
1217,0,0,445,1886,5
1218,0,0,445,1664,5
1219,0,0,445,5495,5
1220,0,0,445,5173,5
1221,0,0,445,4339,5
1222,0,1,445,5651,5
1223,0,0,445,2180,5
1224,0,0,445,2652,5
1225,0,0,447,3095,5
1226,0,0,447,345,5
1227,0,0,448,3333,5
1228,0,0,448,186,5
1229,0,0,448,2401,5
1230,0,0,448,284,5
1231,0,0,448,4206,5
1232,0,0,448,4137,5
1233,0,0,448,3690,5
1234,0,0,448,4638,5
1235,0,0,448,2430,5
1236,0,0,448,2637,5
1237,0,0,451,4663,5
1238,0,0,451,4273,5
1239,0,0,451,5861,5
1240,0,0,452,4257,5
1241,0,0,452,612,5
1242,0,0,452,1938,5
1243,0,0,452,1544,5
1244,0,0,452,5385,5
1245,0,0,452,4269,5
1246,0,0,452,5657,5
1247,0,0,452,2264,5
1248,0,0,452,3721,5
1249,0,0,453,199,5
1250,0,0,453,4968,5
1251,0,0,453,1223,5
1252,0,0,453,106,5
1253,0,0,453,2848,5
1254,0,0,453,3305,5
1255,0,0,455,3628,5
1256,0,0,455,736,5
1257,0,0,455,4842,5
1258,0,0,459,3409,5
1259,0,0,459,1157,5
1260,0,0,459,664,5
1261,0,0,459,3550,5
1262,0,0,459,6052,5
1263,0,0,461,1556,5
1264,0,0,461,82,5
1265,0,0,461,2451,5
1266,0,0,461,4019,5
1267,0,0,461,4844,5
1268,0,0,461,3132,5
1269,0,0,461,3989,5
1270,0,0,461,4361,5
1271,0,0,463,5803,5
1272,0,0,463,2777,5
1273,0,0,463,1675,5
1274,1,0,463,3767,5
1275,0,0,464,4311,5
1276,0,1,464,974,5
1277,0,0,464,5046,5
1278,0,0,465,4766,5
1279,0,0,465,4183,5
1280,0,0,466,3461,5
1281,0,0,466,5599,5
1282,1,1,466,4781,5
1283,0,0,466,3282,5
1284,0,0,466,5177,5
1285,0,0,466,5338,5
1286,0,0,468,1694,5
1287,1,1,468,1545,5
1288,0,0,468,4892,5
1289,0,1,469,1280,5
1290,0,0,470,1805,5
1291,0,0,470,1470,5
1292,0,0,470,616,5
1293,0,0,470,3307,5
1294,0,0,470,5608,5
1295,0,0,472,4090,5
1296,0,0,474,371,5
1297,0,0,474,4695,5
1298,0,0,474,2194,5
1299,0,0,474,283,5
1300,0,0,474,3623,5
1301,0,0,474,3956,5
1302,0,0,474,5970,5
1303,0,0,476,4006,5
1304,0,0,476,2842,5
1305,0,0,480,5897,5
1306,0,0,480,3172,5
1307,0,0,480,2214,5
1308,0,0,480,3445,5
1309,0,0,481,5750,5
1310,0,0,483,1606,5
1311,1,1,483,380,5
1312,0,1,484,3890,5
1313,0,0,484,829,5
1314,1,1,485,2634,5
1315,0,0,485,2580,5
1316,0,0,485,1489,5
1317,0,0,485,2649,5
1318,0,0,485,5938,5
1319,0,0,486,5918,5
1320,0,0,486,4359,5
1321,0,0,486,3788,5
1322,0,1,486,4761,5
1323,1,1,487,429,5
1324,1,1,488,5516,5
1325,0,0,488,4145,5
1326,0,0,488,2667,5
1327,0,0,488,4570,5
1328,0,1,489,2153,5
1329,0,0,490,3369,5
1330,0,0,490,1044,5
1331,0,0,490,1483,5
1332,0,0,490,1182,5
1333,0,0,490,5196,5
1334,0,0,490,4757,5
1335,0,0,490,3455,5
1336,0,0,490,5788,5
1337,0,0,490,2598,5
1338,0,0,490,2705,5
1339,0,0,491,4094,5
1340,0,0,491,984,5
1341,0,0,491,5756,5
1342,0,0,492,1949,5
1343,0,0,492,161,5
1344,0,0,492,3505,5
1345,0,0,493,2604,5
1346,0,0,493,1500,5
1347,1,1,493,5246,5
1348,0,1,494,791,5
1349,0,0,495,3789,5
1350,0,0,495,1784,5
1351,0,0,495,363,5
1352,0,0,495,4462,5
1353,0,0,495,5253,5
1354,0,0,496,4363,5
1355,0,0,496,422,5
1356,1,1,496,5917,5
1357,1,1,497,5757,5
1358,0,0,497,4605,5
1359,0,0,499,4358,5
1360,0,0,499,245,5
1361,0,0,499,2972,5
1362,0,0,499,2892,5
1363,0,0,499,5109,5
1364,0,0,499,4918,5
1365,0,0,499,4539,5
1366,0,0,499,5427,5
1367,0,0,499,3605,5
1368,1,1,499,3734,5
1369,0,0,500,441,5
1370,0,0,500,5883,5
1371,0,0,500,1355,5
1372,0,0,500,260,5
1373,0,0,500,3708,5
1374,0,0,500,5329,5
1375,0,0,501,4891,5
1376,0,0,501,289,5
1377,0,0,502,4832,5
1378,0,0,502,201,5
1379,0,0,505,1951,5
1380,0,0,505,52,5
1381,0,0,505,576,5
1382,0,0,505,517,5
1383,0,0,505,3799,5
1384,0,0,505,3746,5
1385,0,0,505,2044,5
1386,0,0,505,5760,5
1387,0,0,505,1231,5
1388,0,0,505,1251,5
1389,0,0,507,1456,5
1390,0,0,507,5198,5
1391,0,0,507,2224,5
1392,0,0,507,1353,5
1393,0,0,507,3282,5
1394,0,0,507,4666,5
1395,0,0,508,314,5
1396,0,0,508,185,5
1397,1,1,508,4845,5
1398,0,0,510,748,5
1399,0,0,510,5625,5
1400,0,0,510,2236,5
1401,0,0,510,106,5
1402,0,0,510,2716,5
1403,0,0,510,3305,5
1404,0,0,511,5902,5
1405,0,0,512,5319,5
1406,0,0,513,3948,5
1407,0,0,513,1622,5
1408,0,0,513,4556,5
1409,1,1,515,553,5
1410,0,0,516,5897,5
1411,0,1,516,2451,5
1412,0,0,517,4531,5
1413,0,0,517,416,5
1414,0,0,517,185,5
1415,1,1,517,1368,5
1416,0,0,518,1414,5
1417,0,0,518,644,5
1418,0,0,519,5953,5
1419,0,0,519,1717,5
1420,0,0,519,49,5
1421,0,0,519,2641,5
1422,0,0,520,3551,5
1423,0,0,520,373,5
1424,0,0,520,1699,5
1425,0,0,520,590,5
1426,0,0,520,4994,5
1427,0,0,520,4156,5
1428,0,0,520,5919,5
1429,0,0,520,2160,5
1430,0,0,520,2729,5
1431,0,0,522,3682,5
1432,0,0,522,877,5
1433,0,0,522,5536,5
1434,1,0,524,1521,5
1435,0,0,524,1117,5
1436,0,0,524,5434,5
1437,0,0,526,5902,5
1438,0,0,526,3578,5
1439,0,0,526,576,5
1440,0,0,526,4768,5
1441,0,0,527,1092,5
1442,0,0,528,3778,5
1443,0,0,528,195,5
1444,0,0,528,1298,5
1445,0,0,528,1234,5
1446,1,1,528,4966,5
1447,0,0,528,4084,5
1448,0,0,528,5544,5
1449,0,0,528,1504,5
1450,0,0,528,3729,5
1451,0,0,529,3904,5
1452,0,0,529,2553,5
1453,0,0,529,826,5
1454,0,0,529,2659,5
1455,0,0,530,2082,5
1456,0,0,530,4423,5
1457,0,0,530,3151,5
1458,0,0,530,1182,5
1459,0,0,530,3359,5
1460,0,0,530,3627,5
1461,0,0,531,681,5
1462,0,0,531,310,5
1463,0,0,531,1114,5
1464,0,0,531,3288,5
1465,0,0,531,5344,5
1466,0,0,531,1706,5
1467,0,0,531,1878,5
1468,0,0,531,5129,5
1469,0,1,532,2931,5
1470,0,0,532,1575,5
1471,0,0,532,4312,5
1472,0,0,533,3817,5
1473,0,0,533,3130,5
1474,0,0,534,2120,5
1475,0,0,535,5122,5
1476,0,0,535,936,5
1477,0,0,535,1095,5
1478,0,0,535,1019,5
1479,0,0,535,5742,5
1480,0,0,535,5396,5
1481,0,0,535,5258,5
1482,0,0,535,5983,5
1483,0,0,535,1415,5
1484,0,0,535,1891,5
1485,0,0,536,5497,5
1486,0,0,536,2316,5
1487,0,0,536,947,5
1488,0,0,536,5453,5
1489,0,0,537,1848,5
1490,0,0,537,510,5
1491,0,0,537,586,5
1492,0,0,537,512,5
1493,0,0,537,5012,5
1494,0,0,537,2026,5
1495,0,0,537,6038,5
1496,0,0,537,943,5
1497,0,0,537,1331,5
1498,0,0,539,2198,5
1499,1,1,540,1845,5
1500,0,0,541,5735,5
1501,0,1,541,4763,5
1502,0,0,541,3373,5
1503,0,0,541,4905,5
1504,0,1,542,5869,5
1505,0,0,543,438,5
1506,0,0,543,5322,5
1507,0,0,543,761,5
1508,0,0,543,261,5
1509,0,0,543,975,5
1510,0,0,543,2233,5
1511,0,0,544,5832,5
1512,0,0,546,1662,5
1513,0,0,546,4986,5
1514,0,0,546,1814,5
1515,1,1,546,61,5
1516,0,0,546,2809,5
1517,0,0,546,4098,5
1518,0,0,547,1168,5
1519,0,0,547,498,5
1520,0,0,547,2291,5
1521,0,0,547,4446,5
1522,0,0,547,4871,5
1523,0,0,547,3680,5
1524,0,0,547,4245,5
1525,0,0,547,4591,5
1526,0,0,548,4419,5
1527,0,0,548,2836,5
1528,0,0,548,4642,5
1529,1,1,551,1097,5
1530,0,0,556,1327,5
1531,0,0,556,5221,5
1532,0,0,556,1625,5
1533,0,0,556,720,5
1534,0,0,556,2634,5
1535,0,0,556,3457,5
1536,0,1,556,5938,5
1537,0,0,558,5753,5
1538,0,0,558,4450,5
1539,0,1,559,3063,5
1540,0,0,559,1592,5
1541,0,0,562,3300,5
1542,0,0,562,218,5
1543,0,0,562,2096,5
1544,0,0,562,1292,5
1545,0,0,562,4398,5
1546,0,0,562,3872,5
1547,0,0,562,3543,5
1548,0,0,562,4717,5
1549,0,0,562,2493,5
1550,0,0,562,3022,5
1551,1,1,565,495,5
1552,0,0,565,5797,5
1553,0,0,565,5089,5
1554,0,0,565,357,5
1555,0,0,565,5272,5
1556,0,0,565,5727,5
1557,0,0,566,531,5
1558,0,0,566,5337,5
1559,0,0,566,1208,5
1560,0,0,566,396,5
1561,0,0,566,2851,5
1562,0,0,566,3470,5
1563,0,0,567,1997,5
1564,0,0,567,926,5
1565,0,0,567,788,5
1566,0,0,567,3791,5
1567,0,0,567,4489,5
1568,1,1,569,4469,5
1569,0,0,570,4768,5
1570,0,0,570,206,5
1571,0,0,570,1210,5
1572,0,0,570,962,5
1573,0,0,570,5605,5
1574,0,0,570,5434,5
1575,0,0,570,5350,5
1576,0,0,570,5758,5
1577,0,0,570,2802,5
1578,0,0,570,3518,5
1579,0,0,572,2362,5
1580,0,0,572,105,5
1581,0,0,572,882,5
1582,0,0,572,355,5
1583,0,0,572,4761,5
1584,1,0,572,3565,5
1585,0,0,572,2733,5
1586,0,0,572,5587,5
1587,0,0,572,2183,5
1588,0,0,572,2190,5
1589,1,1,573,2994,5
1590,0,0,581,1785,5
1591,0,0,582,1946,5
1592,0,0,582,528,5
1593,0,0,583,2836,5
1594,0,0,583,912,5
1595,0,0,584,95,5
1596,0,0,584,51,5
1597,1,1,584,2614,5
1598,0,0,585,3181,5
1599,0,0,585,13,5
1600,0,0,585,1693,5
1601,0,0,585,1461,5
1602,0,0,585,3886,5
1603,0,0,585,3415,5
1604,0,0,585,3284,5
1605,0,0,585,4663,5
1606,0,0,585,1745,5
1607,0,0,585,2247,5
1608,1,1,586,725,5
1609,1,1,587,3394,5
1610,0,0,587,402,5
1611,0,0,587,1385,5
1612,0,0,587,723,5
1613,0,0,587,4408,5
1614,0,0,587,4011,5
1615,0,0,587,3721,5
1616,0,0,587,5455,5
1617,0,0,587,1698,5
1618,0,0,587,1741,5
1619,0,0,588,679,5
1620,0,0,588,4946,5
1621,0,0,588,1151,5
1622,0,0,588,69,5
1623,0,0,588,1245,5
1624,0,0,588,3772,5
1625,0,0,588,5415,5
1626,0,0,590,2264,5
1627,0,0,590,473,5
1628,1,0,590,241,5
1629,0,0,590,1818,5
1630,0,0,591,3649,5
1631,0,0,591,3,5
1632,0,0,591,2147,5
1633,0,0,591,734,5
1634,0,0,591,4832,5
1635,0,0,591,4542,5
1636,0,0,591,5562,5
1637,0,0,591,2751,5
1638,0,0,591,3505,5
1639,0,0,592,2925,5
1640,0,0,592,930,5
1641,0,0,593,4692,5
1642,0,0,593,4683,5
1643,0,0,593,134,5
1644,0,0,593,5106,5
1645,0,0,593,5222,5
1646,0,0,595,1062,5
1647,0,0,596,1620,5
1648,0,0,596,5628,5
1649,0,0,596,1782,5
1650,0,0,596,847,5
1651,0,0,596,3244,5
1652,0,0,596,4356,5
1653,0,0,599,4730,5
1654,1,1,599,4275,5
1655,0,0,603,2825,5
1656,0,0,603,549,5
1657,0,0,603,1521,5
1658,0,0,603,559,5
1659,0,0,603,5434,5
1660,0,0,603,4246,5
1661,0,0,603,3510,5
1662,0,0,603,5999,5
1663,0,0,603,1838,5
1664,0,0,603,1916,5
1665,1,1,604,1985,5
1666,0,0,604,1771,5
1667,0,0,605,4049,5
1668,0,0,605,304,5
1669,0,0,605,1769,5
1670,0,0,605,1527,5
1671,0,0,605,4891,5
1672,0,0,605,4293,5
1673,0,0,605,5771,5
1674,0,0,605,2059,5
1675,0,0,605,3646,5
1676,0,0,606,4208,5
1677,0,0,606,2505,5
1678,0,0,607,3445,5
1679,0,0,607,648,5
1680,0,0,607,5897,5
1681,0,1,609,2339,5
1682,1,1,612,3796,5
1683,0,0,613,4015,5
1684,1,1,613,2548,5
1685,0,0,614,4043,5
1686,0,0,615,3346,5
1687,0,0,615,1976,5
1688,0,0,615,3026,5
1689,0,0,615,2245,5
1690,0,0,615,4667,5
1691,0,0,615,3463,5
1692,0,0,615,3412,5
1693,0,0,615,5784,5
1694,0,0,615,3064,5
1695,0,0,615,3198,5
1696,1,1,617,2718,5
1697,1,1,618,1147,5
1698,0,1,619,3962,5
1699,0,0,619,2295,5
1700,0,0,620,1242,5
1701,0,0,620,590,5
1702,0,0,620,1783,5
1703,0,0,620,4124,5
1704,0,0,620,5498,5
1705,0,0,620,2968,5
1706,0,0,620,3372,5
1707,0,0,620,5257,5
1708,1,1,621,3741,5
1709,1,1,622,5167,5
1710,0,0,624,3181,5
1711,0,0,624,2247,5
1712,0,0,625,2851,5
1713,0,0,625,250,5
1714,0,0,625,1864,5
1715,0,0,625,448,5
1716,0,0,625,4802,5
1717,0,0,625,4296,5
1718,0,0,625,3488,5
1719,0,0,625,4911,5
1720,0,0,625,2710,5
1721,0,0,625,2749,5
1722,0,0,627,1181,5
1723,0,0,627,5709,5
1724,0,0,627,4129,5
1725,0,0,627,413,5
1726,0,0,627,4844,5
1727,0,0,627,5504,5
1728,0,0,628,5008,5
1729,0,0,628,458,5
1730,0,0,630,1962,5
1731,0,0,630,5975,5
1732,0,0,630,2728,5
1733,0,0,630,1750,5
1734,0,0,630,3389,5
1735,0,0,630,5378,5
1736,1,1,632,3968,5
1737,0,0,632,708,5
1738,0,0,633,3173,5
1739,0,0,633,2268,5
1740,0,0,633,5951,5
1741,0,0,634,3447,5
1742,0,0,634,1951,5
1743,0,0,634,1590,5
1744,0,0,634,3372,5
1745,0,0,636,1014,5
1746,1,1,638,1397,5
1747,0,0,640,1883,5
1748,0,0,640,5562,5
1749,0,0,640,2751,5
1750,0,0,640,1248,5
1751,0,0,640,5193,5
1752,0,0,640,5507,5
1753,0,0,641,4133,5
1754,0,0,641,114,5
1755,0,0,641,3328,5
1756,0,0,641,2633,5
1757,0,0,641,4970,5
1758,0,0,641,4227,5
1759,0,0,641,5680,5
1760,1,1,641,3495,5
1761,0,0,641,4043,5
1762,0,0,643,5335,5
1763,1,1,643,4548,5
1764,0,0,644,1482,5
1765,0,0,644,1283,5
1766,0,0,644,2890,5
1767,0,0,644,5077,5
1768,0,0,644,5724,5
1769,0,0,644,3103,5
1770,0,0,644,4635,5
1771,0,0,644,5671,5
1772,1,1,645,198,5
1773,0,0,647,2890,5
1774,0,0,647,265,5
1775,0,0,647,1035,5
1776,0,0,647,273,5
1777,0,0,647,5077,5
1778,0,0,647,3103,5
1779,1,1,647,2903,5
1780,0,0,647,5671,5
1781,0,0,647,1283,5
1782,0,0,647,2572,5
1783,0,1,649,441,5
1784,0,0,649,260,5
1785,1,0,649,5329,5
1786,0,1,651,3424,5
1787,0,0,651,675,5
1788,0,0,651,3577,5
1789,0,0,653,3117,5
1790,0,0,653,1814,5
1791,1,1,653,893,5
1792,0,0,653,2248,5
1793,0,0,654,4063,5
1794,0,1,654,368,5
1795,0,0,654,5284,5
1796,0,0,656,1964,5
1797,0,0,656,1042,5
1798,0,0,656,2266,5
1799,1,0,656,5343,5
1800,0,0,656,5773,5
1801,0,0,656,3351,5
1802,0,0,656,4865,5
1803,0,0,656,5359,5
1804,0,0,661,4871,5
1805,0,0,661,2217,5
1806,0,0,661,3425,5
1807,0,0,661,2983,5
1808,0,0,661,4955,5
1809,1,1,661,4951,5
1810,0,0,661,5555,5
1811,0,0,661,4155,5
1812,0,0,661,4569,5
1813,0,1,663,2085,5
1814,0,0,663,909,5
1815,0,0,666,2743,5
1816,0,0,666,5637,5
1817,0,0,666,2882,5
1818,0,0,666,2264,5
1819,0,0,666,3429,5
1820,0,0,666,3816,5
1821,0,0,666,5767,5
1822,0,0,669,3389,5
1823,0,0,669,839,5
1824,0,1,669,100,5
1825,0,0,669,5589,5
1826,0,0,669,5595,5
1827,0,0,671,1243,5
1828,0,0,672,5883,5
1829,0,0,672,2696,5
1830,0,1,672,6011,5
1831,0,0,673,503,5
1832,0,0,673,24,5
1833,0,0,673,633,5
1834,0,0,673,4284,5
1835,0,0,673,5817,5
1836,0,0,673,703,5
1837,1,1,673,1053,5
1838,0,0,673,5720,5
1839,0,0,676,3749,5
1840,0,1,676,3001,5
1841,0,0,676,1909,5
1842,0,0,676,3145,5
1843,0,0,677,4719,5
1844,1,1,677,1454,5
1845,0,0,677,5866,5
1846,1,1,679,5940,5
1847,0,0,679,3996,5
1848,0,0,680,5530,5
1849,0,0,680,2189,5
1850,1,1,680,1314,5
1851,0,0,680,3465,5
1852,0,0,681,4552,5
1853,0,0,682,4658,5
1854,1,1,683,1631,5
1855,0,0,683,829,5
1856,0,0,685,3753,5
1857,0,0,685,386,5
1858,0,0,685,1757,5
1859,0,1,685,550,5
1860,0,0,685,5066,5
1861,0,0,685,5037,5
1862,0,0,685,4860,5
1863,0,0,685,5109,5
1864,0,0,685,2324,5
1865,0,0,685,2513,5
1866,0,1,686,307,5
1867,0,0,687,1939,5
1868,0,0,687,1542,5
1869,0,0,687,4334,5
1870,0,0,688,723,5
1871,0,0,688,5455,5
1872,0,0,688,2204,5
1873,0,0,688,170,5
1874,0,0,688,3906,5
1875,0,0,688,4946,5
1876,0,0,688,5993,5
1877,0,0,692,1541,5
1878,0,0,692,1474,5
1879,1,1,692,1742,5
1880,0,0,692,4002,5
1881,0,0,692,5348,5
1882,0,0,692,1890,5
1883,0,0,692,2579,5
1884,0,0,692,4275,5
1885,0,0,693,5456,5
1886,0,0,693,3447,5
1887,0,1,693,2463,5
1888,0,0,693,3500,5
1889,1,1,695,3605,5
1890,0,0,696,2474,5
1891,0,0,696,428,5
1892,0,0,696,788,5
1893,0,0,696,590,5
1894,0,0,696,3288,5
1895,0,0,696,3178,5
1896,0,0,696,3152,5
1897,0,0,696,5512,5
1898,0,0,696,1597,5
1899,0,0,696,2191,5
1900,0,0,698,5277,5
1901,0,0,699,1891,5
1902,0,0,699,1061,5
1903,0,0,699,3219,5
1904,0,0,699,3754,5
1905,1,1,699,5916,5
1906,0,0,699,3462,5
1907,0,0,699,3712,5
1908,0,0,699,5453,5
1909,0,1,700,466,5
1910,0,0,701,545,5
1911,0,1,701,385,5
1912,0,0,701,747,5
1913,0,0,701,3764,5
1914,0,0,701,4497,5
1915,0,0,701,1044,5
1916,0,0,701,3588,5
1917,0,0,701,4478,5
1918,1,1,702,5679,5
1919,0,0,705,4184,5
1920,0,0,705,253,5
1921,0,0,705,1018,5
1922,0,0,705,369,5
1923,0,0,705,5504,5
1924,0,0,705,5369,5
1925,0,0,705,5257,5
1926,0,0,705,5688,5
1927,0,0,705,1206,5
1928,0,0,705,4167,5
1929,0,0,706,4360,5
1930,0,0,706,1719,5
1931,0,0,706,832,5
1932,0,0,706,4718,5
1933,0,0,706,5788,5
1934,0,0,707,1712,5
1935,0,0,707,421,5
1936,0,0,707,2787,5
1937,0,0,709,754,5
1938,0,0,710,1833,5
1939,0,0,710,1193,5
1940,0,0,710,2387,5
1941,0,0,710,3858,5
1942,1,1,710,4634,5
1943,0,0,710,2593,5
1944,0,0,710,3372,5
1945,0,0,710,4240,5
1946,1,1,711,4006,5
1947,0,0,714,3486,5
1948,0,0,716,2449,5
1949,0,0,716,543,5
1950,0,1,716,2725,5
1951,0,0,716,3383,5
1952,0,0,716,5136,5
1953,0,0,716,2923,5
1954,0,0,716,2973,5
1955,0,0,716,5069,5
1956,0,0,717,2493,5
1957,0,0,717,123,5
1958,0,0,717,1018,5
1959,0,0,717,393,5
1960,0,0,717,4533,5
1961,0,0,717,4129,5
1962,0,0,717,2543,5
1963,0,0,717,4928,5
1964,0,0,717,1097,5
1965,0,0,717,2161,5
1966,1,0,718,3232,5
1967,0,0,718,1763,5
1968,0,0,720,2037,5
1969,0,0,720,185,5
1970,0,0,720,966,5
1971,0,0,720,416,5
1972,0,0,720,4038,5
1973,0,0,720,2604,5
1974,1,1,720,5584,5
1975,0,0,720,1257,5
1976,0,0,720,1398,5
1977,0,0,721,3221,5
1978,0,0,721,765,5
1979,0,0,721,4424,5
1980,0,0,722,1045,5
1981,0,0,722,903,5
1982,0,0,722,611,5
1983,0,0,722,1343,5
1984,0,0,722,3913,5
1985,1,1,724,4862,5
1986,0,0,727,2195,5
1987,0,0,727,4823,5
1988,0,0,727,3707,5
1989,0,0,727,1027,5
1990,0,0,727,3901,5
1991,0,0,727,4263,5
1992,0,0,728,5934,5
1993,0,0,728,3965,5
1994,0,0,728,1100,5
1995,1,1,728,4010,5
1996,0,0,729,1168,5
1997,0,1,730,4601,5
1998,0,0,730,3816,5
1999,0,0,733,3873,5
2000,0,0,733,217,5
2001,0,0,733,2584,5
2002,0,0,733,839,5
2003,0,0,733,4976,5
2004,0,0,733,4961,5
2005,0,0,733,4909,5
2006,0,0,733,5850,5
2007,0,0,733,2801,5
2008,0,0,733,3006,5
2009,0,0,734,3492,5
2010,0,0,734,2448,5
2011,0,0,734,1022,5
2012,0,0,734,4179,5
2013,0,0,734,5595,5
2014,0,0,736,4689,5
2015,0,0,736,4513,5
2016,0,0,736,5121,5
2017,0,0,737,3793,5
2018,0,0,737,144,5
2019,0,0,737,1362,5
2020,0,0,737,1164,5
2021,0,0,737,4971,5
2022,0,0,737,4699,5
2023,0,0,737,4440,5
2024,0,0,737,5632,5
2025,0,0,737,2241,5
2026,0,0,737,3186,5
2027,0,0,738,5961,5
2028,0,0,738,2777,5
2029,0,0,739,5921,5
2030,0,0,739,3835,5
2031,0,0,740,4006,5
2032,0,0,740,2842,5
2033,0,0,741,1564,5
2034,0,0,742,1503,5
2035,0,0,743,1352,5
2036,0,0,743,745,5
2037,0,0,743,2368,5
2038,0,0,743,4394,5
2039,0,0,743,5911,5
2040,0,0,743,2942,5
2041,0,0,743,3771,5
2042,0,0,743,5632,5
2043,0,0,744,3547,5
2044,0,0,744,1480,5
2045,0,0,745,4006,5
2046,0,0,745,2388,5
2047,0,0,746,1935,5
2048,0,0,746,310,5
2049,0,0,746,30,5
2050,0,0,746,3423,5
2051,0,0,746,4687,5
2052,0,0,747,3221,5
2053,0,0,748,3463,5
2054,0,0,750,2043,5
2055,0,0,750,1158,5
2056,0,0,750,2470,5
2057,0,0,750,4438,5
2058,0,0,750,4965,5
2059,0,0,750,2688,5
2060,0,0,750,3869,5
2061,0,0,750,4489,5
2062,0,0,751,4287,5
2063,0,0,751,30,5
2064,0,0,751,1582,5
2065,0,0,751,167,5
2066,0,0,751,5657,5
2067,0,0,751,4687,5
2068,0,0,751,4292,5
2069,0,0,751,5752,5
2070,0,0,751,1935,5
2071,0,0,751,2592,5
2072,1,1,753,2189,5
2073,0,0,753,1314,5
2074,0,0,753,5530,5
2075,0,1,754,4189,5
2076,0,0,754,2873,5
2077,0,0,755,4018,5
2078,0,0,755,668,5
2079,0,0,756,2633,5
2080,0,0,756,102,5
2081,0,0,756,1508,5
2082,0,0,756,347,5
2083,0,0,756,5637,5
2084,0,0,756,4320,5
2085,0,0,756,3574,5
2086,0,0,756,5675,5
2087,0,0,756,1681,5
2088,0,0,756,1712,5
2089,0,1,757,2900,5
2090,0,0,758,2154,5
2091,0,0,758,2099,5
2092,0,0,758,133,5
2093,0,0,758,3119,5
2094,0,0,758,5561,5
2095,0,0,759,1067,5
2096,0,0,759,2053,5
2097,0,0,759,1342,5
2098,0,0,759,210,5
2099,0,0,759,1384,5
2100,0,0,759,1970,5
2101,1,1,759,2629,5
2102,0,0,760,5976,5
2103,0,0,761,498,5
2104,0,0,761,2674,5
2105,0,0,761,1168,5
2106,0,0,761,327,5
2107,0,0,761,2164,5
2108,0,0,761,2386,5
2109,0,0,761,3425,5
2110,1,0,762,878,5
2111,1,1,764,133,5
2112,0,0,766,2263,5
2113,0,0,767,4549,5
2114,0,0,767,4043,5
2115,1,1,767,5481,5
2116,0,0,768,4362,5
2117,0,0,768,70,5
2118,0,0,768,882,5
2119,0,0,768,841,5
2120,0,0,768,5957,5
2121,0,0,768,4894,5
2122,0,0,768,4887,5
2123,0,0,768,6015,5
2124,0,0,768,1675,5
2125,0,0,768,3175,5
2126,1,0,769,3972,5
2127,0,0,771,797,5
2128,0,0,771,289,5
2129,0,0,773,5013,5
2130,0,0,774,2571,5
2131,0,0,774,2296,5
2132,0,0,774,40,5
2133,0,0,774,3626,5
2134,0,0,774,5588,5
2135,0,0,780,5177,5
2136,0,0,780,596,5
2137,0,0,780,2258,5
2138,0,0,780,968,5
2139,0,0,780,5693,5
2140,0,0,780,5338,5
2141,0,0,780,5265,5
2142,0,0,780,5755,5
2143,0,0,780,3998,5
2144,0,0,780,4160,5
2145,0,0,783,4209,5
2146,0,0,783,778,5
2147,0,0,784,1278,5
2148,0,0,784,760,5
2149,0,0,784,2406,5
2150,0,0,784,3561,5
2151,0,0,784,5271,5
2152,0,0,784,2648,5
2153,0,0,784,3107,5
2154,0,0,784,4085,5
2155,0,0,785,4406,5
2156,0,0,785,2206,5
2157,0,0,785,3303,5
2158,0,0,785,2821,5
2159,0,0,785,5687,5
2160,1,0,785,5520,5
2161,0,0,785,5749,5
2162,0,0,785,3666,5
2163,0,0,785,3922,5
2164,0,1,786,1132,5
2165,0,0,786,3876,5
2166,0,0,786,1133,5
2167,0,0,786,75,5
2168,0,0,786,1822,5
2169,0,0,786,2841,5
2170,0,0,787,4728,5
2171,0,1,787,775,5
2172,0,0,787,5241,5
2173,0,0,788,3634,5
2174,0,0,788,6,5
2175,0,0,788,1189,5
2176,0,0,788,33,5
2177,0,0,788,5312,5
2178,0,0,788,3702,5
2179,0,0,788,5876,5
2180,0,0,788,1971,5
2181,0,0,788,2545,5
2182,0,1,789,1877,5
2183,0,0,789,1117,5
2184,0,0,790,1949,5
2185,0,0,790,5391,5
2186,0,0,790,2085,5
2187,0,0,790,1940,5
2188,0,0,790,3964,5
2189,0,0,790,5115,5
2190,0,0,790,5771,5
2191,1,1,791,93,5
2192,0,0,792,1376,5
2193,0,0,793,2041,5
2194,0,0,793,5304,5
2195,0,0,793,3500,5
2196,0,0,793,55,5
2197,0,0,793,3931,5
2198,0,0,793,4483,5
2199,0,0,793,5838,5
2200,0,0,794,6052,5
2201,1,1,794,4518,5
2202,0,0,795,1213,5
2203,0,0,795,256,5
2204,0,0,795,2117,5
2205,0,0,795,4821,5
2206,0,0,795,5774,5
2207,0,0,795,2902,5
2208,0,0,795,4614,5
2209,0,0,795,4889,5
2210,0,0,796,3244,5
2211,0,0,796,23,5
2212,0,0,796,1488,5
2213,0,0,796,719,5
2214,0,0,796,5930,5
2215,0,0,796,5439,5
2216,0,0,796,4217,5
2217,0,0,796,6036,5
2218,0,0,796,2008,5
2219,0,0,796,2417,5
2220,0,0,797,44,5
2221,0,0,799,2017,5
2222,0,0,799,1290,5
2223,0,0,802,5553,5
2224,1,1,802,2499,5
2225,0,0,802,5826,5
2226,0,0,803,1560,5
2227,0,0,803,903,5
2228,0,0,803,2179,5
2229,0,0,804,2612,5
2230,0,0,804,1932,5
2231,0,1,804,988,5
2232,0,0,804,4446,5
2233,0,0,804,5501,5
2234,0,0,806,5057,5
2235,0,0,806,423,5
2236,0,0,808,349,5
2237,0,0,808,4533,5
2238,0,0,808,2498,5
2239,1,1,808,152,5
2240,0,0,808,2742,5
2241,0,0,808,4301,5
2242,0,0,809,633,5
2243,0,0,809,235,5
2244,0,0,809,807,5
2245,0,0,809,2164,5
2246,0,0,809,3141,5
2247,0,0,809,1486,5
2248,0,0,809,1589,5
2249,0,0,809,2240,5
2250,0,0,810,3029,5
2251,0,0,810,402,5
2252,0,0,810,1460,5
2253,0,0,810,1385,5
2254,0,0,810,4011,5
2255,0,0,810,3976,5
2256,0,0,810,3394,5
2257,0,0,810,4408,5
2258,0,0,810,1698,5
2259,0,0,810,1741,5
2260,0,0,812,4085,5
2261,0,0,812,3038,5
2262,0,0,813,2875,5
2263,0,0,813,1403,5
2264,0,0,813,736,5
2265,0,0,813,4098,5
2266,0,0,813,5616,5
2267,0,0,815,2035,5
2268,0,0,815,4986,5
2269,0,0,815,3589,5
2270,0,0,815,761,5
2271,0,0,815,4115,5
2272,0,0,815,4859,5
2273,1,1,815,5322,5
2274,0,0,816,2815,5
2275,0,0,816,2217,5
2276,0,0,816,6021,5
2277,0,0,818,3023,5
2278,0,0,818,182,5
2279,0,0,818,515,5
2280,0,0,818,218,5
2281,0,0,818,4681,5
2282,0,0,818,4652,5
2283,0,0,818,5933,5
2284,0,0,818,906,5
2285,0,0,818,1024,5
2286,0,0,820,1958,5
2287,0,0,820,934,5
2288,0,0,820,1422,5
2289,0,0,820,1132,5
2290,0,0,820,3944,5
2291,0,0,820,3721,5
2292,0,0,820,3404,5
2293,0,0,820,4393,5
2294,0,0,820,1492,5
2295,0,0,820,1938,5
2296,0,0,822,4781,5
2297,0,0,822,1651,5
2298,1,1,822,5762,5
2299,0,0,823,4018,5
2300,1,0,823,896,5
2301,0,0,824,2252,5
2302,1,1,824,66,5
2303,0,0,824,467,5
2304,0,0,824,123,5
2305,0,0,824,2574,5
2306,0,0,824,2275,5
2307,0,0,824,2838,5
2308,0,0,824,969,5
2309,0,0,824,1791,5
2310,0,0,825,1962,5
2311,1,1,826,4220,5
2312,0,0,826,793,5
2313,0,0,826,556,5
2314,0,0,826,1159,5
2315,0,0,827,4209,5
2316,0,0,827,1957,5
2317,0,0,827,201,5
2318,0,0,827,2671,5
2319,1,1,829,2694,5
2320,0,0,830,3344,5
2321,0,0,830,74,5
2322,0,0,830,1878,5
2323,0,0,830,1804,5
2324,0,0,830,4961,5
2325,0,0,830,4672,5
2326,0,0,830,4633,5
2327,1,0,830,5409,5
2328,0,0,830,1959,5
2329,0,0,830,2964,5
2330,0,0,831,1541,5
2331,0,0,831,4660,5
2332,0,0,831,2687,5
2333,0,0,831,715,5
2334,0,0,831,3115,5
2335,0,0,831,4284,5
2336,0,0,831,5742,5
2337,0,0,832,1957,5
2338,0,0,833,3785,5
2339,1,1,833,2084,5
2340,0,0,834,1517,5
2341,0,0,834,5231,5
2342,0,0,834,1683,5
2343,0,0,834,596,5
2344,0,0,834,2280,5
2345,0,0,834,4643,5
2346,0,0,835,3294,5
2347,0,0,836,536,5
2348,0,0,837,4641,5
2349,0,0,837,865,5
2350,0,0,841,480,5
2351,0,0,846,5845,5
2352,0,0,847,360,5
2353,0,0,847,4873,5
2354,0,0,847,1520,5
2355,0,0,847,319,5
2356,0,0,847,1580,5
2357,0,0,847,3663,5
2358,0,0,848,2168,5
2359,0,0,848,2008,5
2360,0,0,849,3623,5
2361,0,0,850,1977,5
2362,0,0,850,699,5
2363,0,0,850,862,5
2364,0,0,850,789,5
2365,0,0,850,2893,5
2366,0,0,850,2247,5
2367,0,0,850,3181,5
2368,0,0,850,1104,5
2369,0,0,850,1745,5
2370,0,0,851,4676,5
2371,0,0,851,3708,5
2372,0,0,851,4895,5
2373,0,1,852,4056,5
2374,0,0,852,3117,5
2375,0,0,853,1898,5
2376,0,0,854,4072,5
2377,0,0,854,3447,5
2378,0,1,854,2148,5
2379,0,0,854,3500,5
2380,0,0,855,424,5
2381,0,0,855,5545,5
2382,0,0,855,786,5
2383,0,0,855,47,5
2384,0,0,855,3067,5
2385,0,0,855,5415,5
2386,0,0,856,2756,5
2387,1,1,858,146,5
2388,1,1,859,4116,5
2389,0,0,859,4097,5
2390,0,1,862,6046,5
2391,0,0,862,552,5
2392,0,0,864,4642,5
2393,0,0,864,670,5
2394,0,0,864,4890,5
2395,1,1,866,1430,5
2396,0,0,867,2744,5
2397,0,0,867,469,5
2398,0,0,867,1782,5
2399,0,0,867,1292,5
2400,0,0,867,3991,5
2401,0,0,867,3931,5
2402,0,0,867,3023,5
2403,0,0,867,5021,5
2404,0,0,867,2041,5
2405,0,0,867,2071,5
2406,1,1,869,3719,5
2407,1,1,870,457,5
2408,0,0,871,3121,5
2409,0,0,871,5755,5
2410,0,0,871,4022,5
2411,0,0,871,2877,5
2412,0,0,871,5424,5
2413,0,0,871,5474,5
2414,0,0,873,3438,5
2415,0,0,876,2718,5
2416,0,0,876,75,5
2417,0,0,876,267,5
2418,0,0,876,152,5
2419,0,0,876,5523,5
2420,0,0,876,5369,5
2421,0,0,876,5774,5
2422,0,0,876,694,5
2423,0,0,876,1935,5
2424,0,0,878,59,5
2425,0,1,879,2450,5
2426,0,0,879,1092,5
2427,0,0,880,5224,5
2428,0,0,880,480,5
2429,0,0,881,4072,5
2430,0,0,881,320,5
2431,0,0,881,1250,5
2432,0,0,881,1018,5
2433,0,0,881,5257,5
2434,0,0,881,4950,5
2435,0,0,881,4335,5
2436,0,0,881,5538,5
2437,0,0,881,1329,5
2438,0,0,881,2872,5
2439,0,0,882,4442,5
2440,0,0,882,2639,5
2441,0,0,882,2343,5
2442,0,0,882,2932,5
2443,0,0,883,4179,5
2444,0,0,883,176,5
2445,0,0,883,1022,5
2446,0,0,883,330,5
2447,0,0,883,5009,5
2448,0,0,883,4700,5
2449,0,0,883,5354,5
2450,0,0,883,2552,5
2451,0,0,883,3492,5
2452,0,0,884,1280,5
2453,0,0,884,5616,5
2454,0,1,884,2826,5
2455,0,0,884,736,5
2456,0,0,884,2875,5
2457,0,0,884,4843,5
2458,0,0,885,2233,5
2459,0,0,885,261,5
2460,0,0,886,1357,5
2461,1,1,889,2957,5
2462,0,0,889,18,5
2463,0,0,889,206,5
2464,0,0,889,24,5
2465,0,0,889,4145,5
2466,0,0,889,3113,5
2467,0,0,889,4722,5
2468,0,0,889,633,5
2469,0,0,889,1381,5
2470,0,0,891,4203,5
2471,1,1,891,4182,5
2472,0,0,893,3839,5
2473,0,0,893,173,5
2474,0,0,893,2112,5
2475,0,0,893,1602,5
2476,0,0,893,5151,5
2477,0,0,893,5019,5
2478,0,0,893,4915,5
2479,0,0,893,5945,5
2480,0,0,893,2488,5
2481,0,0,893,2718,5
2482,0,0,895,3848,5
2483,0,0,895,483,5
2484,0,0,895,781,5
2485,0,0,895,534,5
2486,0,0,895,4618,5
2487,0,0,895,4271,5
2488,0,0,895,4158,5
2489,0,0,895,5432,5
2490,0,0,895,1203,5
2491,0,0,895,2969,5
2492,0,0,899,5916,5
2493,0,0,899,3673,5
2494,0,0,899,1796,5
2495,0,0,899,4456,5
2496,0,0,900,2081,5
2497,1,1,901,4218,5
2498,0,0,902,5133,5
2499,0,0,902,4512,5
2500,1,0,902,413,5
2501,0,0,902,5429,5
2502,0,0,902,6023,5
2503,0,0,903,4347,5
2504,0,0,903,1811,5
2505,0,0,903,973,5
2506,0,0,903,5278,5
2507,0,0,903,5730,5
2508,0,0,904,4287,5
2509,0,0,904,2613,5
2510,0,0,907,3711,5
2511,0,0,907,214,5
2512,0,0,907,1996,5
2513,0,0,907,706,5
2514,0,0,907,5092,5
2515,0,0,907,5074,5
2516,0,0,907,4151,5
2517,0,0,907,5648,5
2518,0,0,907,2191,5
2519,0,0,907,2661,5
2520,0,0,909,3059,5
2521,0,0,909,4413,5
2522,0,0,909,3113,5
2523,0,0,909,327,5
2524,0,0,909,3686,5
2525,0,0,909,3695,5
2526,0,0,909,4906,5
2527,0,0,910,4601,5
2528,0,0,910,425,5
2529,0,0,910,2489,5
2530,0,0,910,1353,5
2531,0,0,910,5128,5
2532,0,0,910,4672,5
2533,0,0,910,4624,5
2534,0,0,910,5308,5
2535,0,0,910,2510,5
2536,0,0,910,4083,5
2537,0,0,911,2716,5
2538,0,0,912,4765,5
2539,0,0,912,324,5
2540,0,0,912,3045,5
2541,0,0,912,945,5
2542,0,0,912,5560,5
2543,0,0,912,5254,5
2544,0,0,912,4937,5
2545,0,0,912,5682,5
2546,0,0,912,3585,5
2547,0,0,912,4667,5
2548,0,0,914,1269,5
2549,0,0,914,12,5
2550,0,0,914,1986,5
2551,0,0,914,4367,5
2552,0,0,914,5465,5
2553,0,0,914,3891,5
2554,0,0,914,4172,5
2555,0,0,914,5263,5
2556,0,0,915,3682,5
2557,0,0,915,1492,5
2558,1,1,916,5867,5
2559,0,0,917,4382,5
2560,0,0,918,2199,5
2561,0,1,918,164,5
2562,0,0,918,4500,5
2563,0,0,919,5270,5
2564,0,0,919,3221,5
2565,0,0,923,4483,5
2566,0,0,923,1699,5
2567,0,0,923,949,5
2568,0,0,923,5402,5
2569,0,0,923,5716,5
2570,0,0,924,1475,5
2571,0,0,924,5974,5
2572,0,0,924,1771,5
2573,0,0,924,1198,5
2574,0,1,924,2083,5
2575,0,0,924,5416,5
2576,0,1,925,1093,5
2577,0,0,926,2721,5
2578,0,0,926,4165,5
2579,0,0,926,2806,5
2580,0,0,926,1812,5
2581,0,0,926,2877,5
2582,0,0,926,4161,5
2583,0,0,926,5817,5
2584,0,0,927,495,5
2585,0,0,927,357,5
2586,0,0,927,80,5
2587,1,1,927,5089,5
2588,0,0,927,5727,5
2589,0,0,928,4955,5
2590,0,0,928,2240,5
2591,0,0,928,1321,5
2592,0,0,928,2676,5
2593,0,0,929,72,5
2594,0,0,930,5954,5
2595,0,0,930,4724,5
2596,0,0,930,1506,5
2597,1,1,930,5056,5
2598,1,1,931,2875,5
2599,0,0,931,4843,5
2600,0,0,931,4098,5
2601,0,0,931,736,5
2602,0,0,931,4559,5
2603,0,0,931,4710,5
2604,0,0,931,5616,5
2605,0,0,932,4208,5
2606,0,0,933,251,5
2607,0,0,934,4748,5
2608,0,0,934,1535,5
2609,0,0,935,4002,5
2610,1,1,935,3490,5
2611,0,0,935,3372,5
2612,0,0,935,3524,5
2613,0,0,936,3898,5
2614,0,0,936,2406,5
2615,0,0,936,2068,5
2616,0,0,936,3561,5
2617,0,0,937,2075,5
2618,0,0,937,84,5
2619,0,0,937,866,5
2620,0,0,937,85,5
2621,0,0,937,4508,5
2622,0,0,937,3073,5
2623,1,0,937,2999,5
2624,0,0,937,5843,5
2625,0,0,937,1284,5
2626,0,0,937,1285,5
2627,0,0,938,5258,5
2628,1,1,938,4908,5
2629,0,0,938,5520,5
2630,0,0,939,3024,5
2631,0,0,939,796,5
2632,0,1,939,3383,5
2633,0,0,940,2116,5
2634,0,0,940,4086,5
2635,0,0,940,2643,5
2636,0,0,940,1524,5
2637,1,0,940,3037,5
2638,0,0,940,3138,5
2639,0,0,940,4164,5
2640,0,0,943,2873,5
2641,0,0,943,1307,5
2642,0,0,943,2237,5
2643,0,0,943,1606,5
2644,0,0,943,4668,5
2645,0,0,943,3792,5
2646,0,0,943,3740,5
2647,0,0,943,4910,5
2648,0,1,943,2256,5
2649,0,0,943,2559,5
2650,0,0,945,4294,5
2651,0,0,947,5430,5
2652,0,0,947,2668,5
2653,0,0,947,5670,5
2654,0,0,948,1753,5
2655,1,1,948,97,5
2656,0,0,948,4124,5
2657,0,0,949,1540,5
2658,0,0,949,1386,5
2659,0,0,949,1929,5
2660,0,0,949,4050,5
2661,0,0,949,5390,5
2662,0,0,949,2045,5
2663,0,0,949,2898,5
2664,0,0,949,4162,5
2665,0,0,950,857,5
2666,0,0,950,5684,5
2667,0,0,950,1446,5
2668,0,0,950,791,5
2669,0,0,950,3920,5
2670,0,0,950,4039,5
2671,0,0,951,2426,5
2672,0,0,951,136,5
2673,0,0,951,211,5
2674,0,0,951,204,5
2675,0,0,951,5574,5
2676,0,0,951,5282,5
2677,0,0,951,2485,5
2678,1,1,951,5783,5
2679,0,0,951,325,5
2680,0,0,951,458,5
2681,0,0,952,4992,5
2682,0,0,952,3986,5
2683,0,0,955,3589,5
2684,0,0,956,2934,5
2685,0,0,956,5825,5
2686,0,0,956,3204,5
2687,1,1,956,1863,5
2688,0,0,956,3235,5
2689,0,0,956,3871,5
2690,0,0,957,4637,5
2691,0,0,957,3102,5
2692,0,0,957,4816,5
2693,0,0,960,2745,5
2694,0,0,960,948,5
2695,0,0,961,2688,5
2696,0,0,961,974,5
2697,0,0,961,1389,5
2698,0,0,961,1358,5
2699,0,0,961,4728,5
2700,0,0,961,3546,5
2701,0,0,961,3115,5
2702,0,0,961,5348,5
2703,0,0,961,1742,5
2704,0,0,961,2667,5
2705,1,1,962,3355,5
2706,0,0,962,5713,5
2707,0,0,962,4567,5
2708,0,0,962,1685,5
2709,0,0,962,4654,5
2710,0,0,962,5618,5
2711,0,0,966,1914,5
2712,0,0,966,1217,5
2713,0,0,966,249,5
2714,0,0,966,3452,5
2715,0,0,966,4930,5
2716,1,1,967,2331,5
2717,0,0,968,5312,5
2718,0,0,968,426,5
2719,1,1,968,28,5
2720,0,0,968,3592,5
2721,0,0,969,2613,5
2722,0,0,969,3546,5
2723,0,0,969,2688,5
2724,0,0,969,715,5
2725,0,0,969,3115,5
2726,0,0,969,3211,5
2727,0,0,969,4062,5
2728,0,0,970,891,5
2729,0,0,970,303,5
2730,0,0,970,4173,5
2731,0,0,971,1290,5
2732,0,0,971,4722,5
2733,0,0,971,1642,5
2734,0,0,971,573,5
2735,0,0,971,2490,5
2736,0,0,971,3288,5
2737,0,0,972,5462,5
2738,1,1,972,552,5
2739,0,0,973,3422,5
2740,0,0,973,2004,5
2741,0,0,973,4466,5
2742,0,0,974,4965,5
2743,1,1,974,3718,5
2744,0,0,976,632,5
2745,0,0,976,270,5
2746,0,0,976,2674,5
2747,0,0,976,4591,5
2748,0,0,976,5903,5
2749,0,0,976,3432,5
2750,0,0,976,3744,5
2751,0,0,976,4876,5
2752,0,0,977,3217,5
2753,0,0,977,232,5
2754,0,1,977,2,5
2755,0,0,977,1466,5
2756,0,0,978,5456,5
2757,0,1,979,3840,5
2758,0,0,979,874,5
2759,1,1,981,1338,5
2760,0,1,982,810,5
2761,0,0,983,2592,5
2762,0,0,983,4961,5
2763,0,0,983,4051,5
2764,0,0,983,473,5
2765,0,0,983,4287,5
2766,0,0,983,4732,5
2767,0,0,984,3802,5
2768,0,0,984,339,5
2769,0,0,984,1914,5
2770,0,0,984,350,5
2771,0,0,984,4528,5
2772,0,0,984,4358,5
2773,0,0,984,5084,5
2774,0,0,984,3014,5
2775,0,0,984,3112,5
2776,0,0,985,2831,5
2777,0,0,985,640,5
2778,0,0,985,1430,5
2779,0,0,985,1302,5
2780,0,0,985,4942,5
2781,0,0,985,4622,5
2782,0,0,985,3161,5
2783,0,0,985,5096,5
2784,0,0,985,1940,5
2785,0,0,985,2448,5
2786,0,0,986,1590,5
2787,0,0,986,59,5
2788,0,0,986,850,5
2789,0,0,986,597,5
2790,0,0,986,2911,5
2791,0,0,986,2589,5
2792,0,0,986,1934,5
2793,1,1,986,5255,5
2794,0,0,986,1035,5
2795,0,0,986,1443,5
2796,0,0,987,129,5
2797,0,0,987,75,5
2798,0,0,987,165,5
2799,0,0,987,3299,5
2800,1,1,987,5402,5
2801,0,0,987,573,5
2802,0,0,987,1133,5
2803,0,0,987,5177,5
2804,1,1,991,2326,5
2805,0,0,991,136,5
2806,0,0,991,1560,5
2807,0,0,991,790,5
2808,0,0,991,3996,5
2809,0,0,991,2762,5
2810,0,0,991,5209,5
2811,0,0,991,1716,5
2812,0,0,991,2152,5
2813,0,0,992,1044,5
2814,0,0,993,3787,5
2815,0,0,993,6,5
2816,0,0,993,390,5
2817,0,0,993,318,5
2818,0,0,993,5092,5
2819,1,1,993,3953,5
2820,0,0,993,3829,5
2821,0,0,993,5448,5
2822,0,0,993,2763,5
2823,0,0,993,2797,5
2824,0,0,994,2008,5
2825,0,0,994,23,5
2826,0,0,994,719,5
2827,0,0,994,431,5
2828,0,0,994,3587,5
2829,0,0,994,3527,5
2830,0,0,994,2168,5
2831,0,0,994,3815,5
2832,0,0,994,1486,5
2833,0,0,994,1488,5
2834,0,0,995,5976,5
2835,0,0,995,3688,5
2836,0,0,997,2207,5
2837,0,0,997,284,5
2838,0,0,997,1089,5
2839,0,0,997,515,5
2840,0,0,997,3060,5
2841,0,0,997,2957,5
2842,0,0,997,2804,5
2843,0,0,997,3141,5
2844,0,0,997,1548,5
2845,0,0,997,2048,5
2846,0,0,999,974,5
2847,0,0,999,325,5
2848,0,0,999,1524,5
2849,0,0,999,2586,5
2850,0,0,999,6048,5
2851,0,0,999,2327,5
2852,0,0,999,2511,5
2853,0,0,999,3976,5
2854,0,0,1000,2531,5
2855,0,0,1000,5202,5
2856,0,0,1000,3511,5
2857,0,0,1000,1245,5
2858,0,0,1000,3772,5
2859,0,0,1000,4946,5
2860,0,0,1000,5798,5
2861,0,0,1003,4510,5
2862,0,0,1003,94,5
2863,0,0,1005,3566,5
2864,0,1,1005,1401,5
2865,0,0,1006,2166,5
2866,1,1,1006,1256,5
2867,0,0,1008,5056,5
2868,0,0,1009,3171,5
2869,0,0,1010,322,5
2870,0,0,1013,4792,5
2871,0,0,1013,604,5
2872,1,1,1013,4803,5
2873,0,0,1015,503,5
2874,0,0,1016,3127,5
2875,0,0,1016,38,5
2876,0,0,1016,477,5
2877,0,0,1016,469,5
2878,0,0,1016,5007,5
2879,0,0,1016,4574,5
2880,0,0,1016,5539,5
2881,0,0,1016,728,5
2882,0,0,1016,749,5
2883,0,0,1018,2641,5
2884,0,0,1018,256,5
2885,0,0,1018,3886,5
2886,0,0,1019,3950,5
2887,0,0,1019,839,5
2888,0,0,1019,1678,5
2889,0,0,1019,1494,5
2890,0,0,1019,4873,5
2891,0,0,1019,4438,5
2892,0,0,1019,4233,5
2893,0,0,1019,5474,5
2894,0,0,1019,1776,5
2895,0,0,1019,3550,5
2896,0,0,1020,4249,5
2897,1,1,1020,1937,5
2898,0,0,1022,4691,5
2899,0,0,1022,862,5
2900,0,0,1022,1991,5
2901,0,0,1022,1684,5
2902,0,0,1022,5627,5
2903,0,0,1022,5507,5
2904,0,0,1022,4958,5
2905,0,0,1022,6041,5
2906,0,0,1022,3497,5
2907,0,0,1022,4221,5
2908,0,0,1024,4911,5
2909,0,0,1024,339,5
2910,0,0,1024,2011,5
2911,0,0,1024,1757,5
2912,0,0,1024,5344,5
2913,0,0,1024,5109,5
2914,0,0,1024,5019,5
2915,0,0,1024,5593,5
2916,0,0,1024,2109,5
2917,0,0,1024,3839,5
2918,0,1,1025,2846,5
2919,0,0,1025,761,5
2920,0,0,1025,261,5
2921,0,0,1025,2233,5
2922,0,0,1026,449,5
2923,0,0,1026,3036,5
2924,0,0,1026,1788,5
2925,0,0,1026,11,5
2926,0,0,1026,2120,5
2927,0,0,1026,2757,5
2928,0,0,1026,5342,5
2929,0,0,1028,1680,5
2930,0,0,1028,1484,5
2931,0,0,1028,2915,5
2932,0,0,1028,4205,5
2933,0,0,1028,5104,5
2934,0,0,1028,3053,5
2935,0,0,1028,4052,5
2936,0,0,1028,4700,5
2937,1,1,1029,842,5
2938,0,0,1031,1170,5
2939,0,0,1032,3168,5
2940,1,0,1032,1362,5
2941,0,0,1032,3793,5
2942,0,0,1033,790,5
2943,0,0,1033,240,5
2944,0,0,1033,1685,5
2945,0,0,1033,4415,5
2946,0,0,1033,4654,5
2947,0,0,1033,3378,5
2948,0,0,1033,4209,5
2949,0,0,1033,4567,5
2950,0,0,1034,500,5
2951,0,0,1034,366,5
2952,1,0,1034,930,5
2953,0,0,1034,3415,5
2954,0,0,1034,5082,5
2955,0,0,1034,2201,5
2956,0,0,1034,2925,5
2957,0,0,1034,4610,5
2958,1,1,1036,5507,5
2959,0,0,1036,1811,5
2960,1,1,1037,2071,5
2961,0,0,1038,4208,5
2962,0,0,1039,1482,5
2963,0,0,1039,182,5
2964,0,0,1039,515,5
2965,0,0,1039,218,5
2966,0,0,1039,4681,5
2967,0,0,1039,2992,5
2968,0,0,1039,2793,5
2969,0,0,1039,5082,5
2970,0,0,1039,906,5
2971,0,0,1039,1024,5
2972,0,0,1040,4335,5
2973,1,1,1040,257,5
2974,0,0,1040,644,5
2975,0,0,1040,320,5
2976,0,0,1040,5604,5
2977,0,0,1040,4950,5
2978,0,0,1040,5643,5
2979,0,0,1040,4072,5
2980,0,0,1040,4076,5
2981,0,1,1042,3576,5
2982,0,0,1043,1520,5
2983,1,1,1043,735,5
2984,0,0,1046,95,5
2985,0,0,1046,51,5
2986,0,0,1046,2614,5
2987,0,0,1049,2710,5
2988,0,0,1049,1571,5
2989,0,0,1049,2749,5
2990,0,0,1050,3473,5
2991,0,1,1050,2630,5
2992,1,0,1051,4680,5
2993,0,0,1051,2625,5
2994,1,1,1052,124,5
2995,0,0,1053,4823,5
2996,1,1,1053,1220,5
2997,0,0,1053,1101,5
2998,0,0,1053,3533,5
2999,0,0,1054,3426,5
3000,0,0,1055,1374,5
3001,0,0,1057,3293,5
3002,0,0,1057,406,5
3003,0,0,1057,2129,5
3004,1,1,1057,1852,5
3005,0,0,1057,5557,5
3006,0,0,1057,4728,5
3007,0,0,1057,3777,5
3008,0,0,1057,5685,5
3009,0,0,1057,2231,5
3010,0,0,1057,2451,5
3011,0,0,1059,5041,5
3012,0,0,1059,1845,5
3013,0,0,1059,264,5
3014,0,0,1059,3783,5
3015,1,1,1060,2784,5
3016,0,0,1061,5615,5
3017,1,1,1061,4593,5
3018,0,0,1061,3322,5
3019,0,0,1061,5047,5
3020,1,1,1062,2872,5
3021,0,0,1062,1000,5
3022,1,1,1063,4402,5
3023,0,0,1063,40,5
3024,0,0,1063,39,5
3025,0,0,1063,380,5
3026,0,0,1064,3309,5
3027,0,0,1064,137,5
3028,0,0,1064,905,5
3029,0,0,1064,168,5
3030,0,0,1064,5192,5
3031,0,0,1064,4352,5
3032,0,0,1064,3841,5
3033,0,0,1064,5401,5
3034,0,0,1064,1015,5
3035,0,0,1064,1103,5
3036,1,0,1066,4014,5
3037,0,0,1066,3799,5
3038,0,0,1066,5155,5
3039,0,0,1067,1763,5
3040,0,0,1067,5709,5
3041,0,1,1067,2380,5
3042,0,0,1067,646,5
3043,0,0,1067,2953,5
3044,0,0,1067,3682,5
3045,1,0,1069,1180,5
3046,0,0,1070,227,5
3047,0,0,1071,3466,5
3048,0,0,1071,900,5
3049,0,0,1071,2234,5
3050,0,0,1071,1124,5
3051,0,0,1071,4952,5
3052,0,0,1071,3820,5
3053,0,0,1071,5427,5
3054,0,0,1071,2538,5
3055,0,0,1071,2866,5
3056,0,0,1072,4051,5
3057,0,0,1072,5987,5
3058,0,0,1072,4603,5
3059,1,1,1072,2801,5
3060,0,0,1072,4961,5
3061,0,0,1072,4976,5
3062,0,0,1073,4362,5
3063,0,0,1073,2611,5
3064,0,0,1073,2777,5
3065,0,0,1073,2699,5
3066,0,0,1073,4894,5
3067,0,0,1073,4650,5
3068,0,0,1073,4477,5
3069,0,0,1073,6015,5
3070,0,0,1073,2850,5
3071,0,0,1073,3175,5
3072,0,0,1074,2822,5
3073,1,1,1074,2386,5
3074,0,0,1075,2559,5
3075,0,0,1076,590,5
3076,0,0,1076,5250,5
3077,0,0,1076,1169,5
3078,0,0,1076,206,5
3079,0,0,1076,2474,5
3080,0,0,1076,3178,5
3081,0,0,1078,5458,5
3082,1,1,1078,2882,5
3083,0,0,1078,5637,5
3084,0,0,1082,4347,5
3085,0,0,1085,3143,5
3086,0,0,1085,233,5
3087,0,0,1085,1688,5
3088,0,0,1085,1664,5
3089,0,0,1085,5173,5
3090,0,0,1085,4814,5
3091,0,0,1085,4339,5
3092,0,0,1085,5586,5
3093,0,0,1085,2054,5
3094,0,0,1085,3016,5
3095,0,0,1089,4379,5
3096,0,0,1089,1900,5
3097,0,0,1090,4411,5
3098,1,1,1090,3211,5
3099,0,0,1091,3253,5
3100,0,0,1091,2052,5
3101,0,0,1091,2527,5
3102,0,0,1091,2123,5
3103,0,0,1091,4976,5
3104,0,0,1091,4291,5
3105,0,0,1091,3908,5
3106,0,0,1091,5970,5
3107,0,0,1091,2760,5
3108,0,0,1091,3211,5
3109,0,0,1092,4800,5
3110,0,0,1095,3972,5
3111,0,0,1095,3237,5
3112,0,0,1096,2842,5
3113,0,0,1096,1630,5
3114,0,0,1096,3548,5
3115,0,0,1097,4725,5
3116,0,0,1097,1627,5
3117,0,0,1097,1217,5
3118,0,0,1097,4146,5
3119,0,0,1099,4733,5
3120,0,0,1099,1646,5
3121,0,0,1099,3132,5
3122,0,0,1099,2447,5
3123,0,0,1099,5713,5
3124,0,0,1099,5115,5
3125,0,0,1099,4759,5
3126,0,0,1099,5920,5
3127,0,0,1099,3452,5
3128,0,0,1099,3587,5
3129,0,0,1101,3282,5
3130,1,1,1102,3217,5
3131,0,0,1102,1431,5
3132,0,0,1102,971,5
3133,0,0,1102,4193,5
3134,0,0,1102,4878,5
3135,0,0,1104,1085,5
3136,1,1,1106,4825,5
3137,0,0,1109,2060,5
3138,0,0,1109,981,5
3139,0,0,1109,612,5
3140,0,0,1109,4083,5
3141,0,0,1109,5401,5
3142,0,0,1110,3048,5
3143,0,0,1110,18,5
3144,0,0,1110,1582,5
3145,0,0,1110,1389,5
3146,0,0,1110,4997,5
3147,0,0,1110,4779,5
3148,0,0,1110,3160,5
3149,0,0,1110,5891,5
3150,0,0,1110,1852,5
3151,0,0,1110,2395,5
3152,0,0,1111,3813,5
3153,0,0,1111,1620,5
3154,0,0,1111,935,5
3155,0,0,1111,1892,5
3156,0,0,1112,4713,5
3157,0,0,1112,1213,5
3158,0,0,1112,847,5
3159,0,0,1112,5628,5
3160,0,0,1112,5899,5
3161,0,0,1114,3079,5
3162,0,0,1114,3056,5
3163,0,1,1114,1583,5
3164,0,0,1114,3121,5
3165,0,0,1114,5507,5
3166,0,0,1115,2447,5
3167,0,1,1115,2280,5
3168,0,0,1115,3049,5
3169,0,0,1116,2550,5
3170,0,0,1116,1628,5
3171,0,0,1116,1608,5
3172,0,0,1116,1929,5
3173,1,0,1119,1181,5
3174,0,0,1119,5441,5
3175,0,0,1119,1512,5
3176,0,0,1119,617,5
3177,0,0,1119,1791,5
3178,0,0,1119,4672,5
3179,0,0,1120,2706,5
3180,0,0,1120,1041,5
3181,0,0,1120,3548,5
3182,0,1,1123,1689,5
3183,0,0,1123,907,5
3184,0,0,1124,3822,5
3185,0,0,1125,5455,5
3186,1,1,1125,723,5
3187,0,0,1126,2363,5
3188,0,0,1127,4158,5
3189,0,0,1127,377,5
3190,0,0,1127,1203,5
3191,0,0,1127,781,5
3192,0,0,1127,4988,5
3193,0,0,1127,4618,5
3194,0,0,1127,4271,5
3195,0,0,1127,5432,5
3196,0,0,1127,2577,5
3197,0,0,1127,3848,5
3198,0,0,1128,3471,5
3199,0,0,1128,1279,5
3200,0,0,1128,2252,5
3201,0,0,1128,1646,5
3202,0,0,1128,5713,5
3203,0,0,1128,4733,5
3204,0,0,1128,3587,5
3205,0,0,1128,5920,5
3206,0,0,1128,3024,5
3207,0,0,1128,3383,5
3208,0,0,1131,394,5
3209,0,1,1131,2661,5
3210,0,0,1131,575,5
3211,0,0,1131,214,5
3212,0,0,1131,644,5
3213,0,0,1131,1460,5
3214,0,0,1134,1473,5
3215,0,0,1134,4223,5
3216,0,0,1134,2255,5
3217,0,0,1134,220,5
3218,0,0,1134,3508,5
3219,0,0,1134,3558,5
3220,0,0,1134,5611,5
3221,0,0,1135,2694,5
3222,0,0,1135,2539,5
3223,0,0,1135,1469,5
3224,1,0,1135,3307,5
3225,0,0,1135,5195,5
3226,0,0,1136,3775,5
3227,1,0,1136,3716,5
3228,0,0,1137,3028,5
3229,0,0,1137,5403,5
3230,0,0,1137,3562,5
3231,0,0,1137,2727,5
3232,0,0,1137,4391,5
3233,0,0,1137,5367,5
3234,0,0,1139,4009,5
3235,0,0,1139,1972,5
3236,0,0,1139,2762,5
3237,0,0,1139,2264,5
3238,0,0,1139,5066,5
3239,0,0,1139,4840,5
3240,0,0,1139,4770,5
3241,0,0,1139,5933,5
3242,0,0,1139,2889,5
3243,0,0,1139,3416,5
3244,0,0,1140,5907,5
3245,1,1,1142,2782,5
3246,0,0,1142,303,5
3247,0,0,1143,5298,5
3248,0,0,1143,834,5
3249,0,1,1145,496,5
3250,0,0,1146,2361,5
3251,0,0,1146,5414,5
3252,0,0,1146,2487,5
3253,0,0,1146,642,5
3254,0,0,1146,3772,5
3255,0,0,1146,4507,5
3256,0,1,1147,4005,5
3257,1,1,1148,4007,5
3258,0,0,1148,1442,5
3259,0,0,1148,5882,5
3260,0,0,1149,995,5
3261,0,0,1150,3325,5
3262,0,0,1150,1852,5
3263,0,0,1150,2423,5
3264,0,0,1150,1890,5
3265,0,0,1150,4660,5
3266,0,0,1150,4333,5
3267,1,1,1150,4728,5
3268,0,0,1150,2852,5
3269,0,0,1150,3160,5
3270,0,0,1151,4749,5
3271,0,0,1151,569,5
3272,0,0,1151,1893,5
3273,0,0,1151,1161,5
3274,0,0,1151,5593,5
3275,0,0,1151,4924,5
3276,0,0,1151,5996,5
3277,0,0,1151,2380,5
3278,0,0,1151,3660,5
3279,0,0,1152,30,5
3280,0,0,1155,20,5
3281,0,0,1156,3075,5
3282,0,0,1156,5521,5
3283,0,0,1156,3130,5
3284,0,0,1156,649,5
3285,0,0,1156,3817,5
3286,0,0,1156,4995,5
3287,0,0,1157,1487,5
3288,0,0,1157,131,5
3289,0,0,1157,1632,5
3290,0,0,1157,3184,5
3291,0,0,1157,5979,5
3292,0,0,1157,2428,5
3293,0,0,1157,2600,5
3294,0,0,1157,4844,5
3295,0,0,1158,1589,5
3296,0,0,1158,167,5
3297,0,0,1158,2643,5
3298,0,0,1158,4162,5
3299,0,0,1158,5437,5
3300,0,0,1158,2757,5
3301,0,0,1158,3138,5
3302,0,0,1158,5415,5
3303,0,0,1159,3893,5
3304,1,1,1159,1562,5
3305,0,0,1160,2259,5
3306,0,0,1160,104,5
3307,0,0,1160,697,5
3308,0,0,1160,405,5
3309,0,0,1160,5687,5
3310,0,0,1160,5355,5
3311,0,0,1160,5179,5
3312,0,0,1160,6026,5
3313,0,0,1160,1664,5
3314,0,0,1160,2177,5
3315,0,0,1161,2126,5
3316,1,1,1161,560,5
3317,0,0,1162,1930,5
3318,0,1,1162,1462,5
3319,0,0,1162,3217,5
3320,0,0,1163,3963,5
3321,0,0,1163,2930,5
3322,1,1,1163,4092,5
3323,0,0,1165,4273,5
3324,0,0,1165,3788,5
3325,0,0,1167,3520,5
3326,0,0,1167,1248,5
3327,0,0,1167,4154,5
3328,1,1,1168,3620,5
3329,1,1,1169,1333,5
3330,0,0,1171,2749,5
3331,0,0,1171,1613,5
3332,0,0,1171,936,5
3333,0,0,1171,1769,5
3334,0,0,1172,987,5
3335,0,0,1172,5153,5
3336,0,0,1172,4236,5
3337,0,0,1172,899,5
3338,0,0,1172,4425,5
3339,0,0,1172,4862,5
3340,0,0,1172,5211,5
3341,0,0,1173,2643,5
3342,0,0,1174,4158,5
3343,0,0,1174,377,5
3344,0,0,1174,1203,5
3345,0,0,1174,781,5
3346,0,0,1174,4988,5
3347,0,0,1174,4618,5
3348,0,0,1174,4271,5
3349,0,0,1174,5432,5
3350,0,0,1174,2577,5
3351,1,0,1174,3848,5
3352,0,0,1176,3564,5
3353,0,0,1176,1327,5
3354,0,0,1176,899,5
3355,0,0,1176,4013,5
3356,0,0,1176,5838,5
3357,1,1,1178,5144,5
3358,0,0,1178,2469,5
3359,0,0,1179,3729,5
3360,0,0,1179,711,5
3361,0,0,1179,5440,5
3362,0,0,1180,3232,5
3363,0,0,1180,549,5
3364,0,0,1180,1691,5
3365,0,0,1180,1057,5
3366,0,0,1180,4927,5
3367,0,0,1180,3272,5
3368,0,0,1180,5131,5
3369,0,0,1180,1763,5
3370,0,0,1180,1885,5
3371,0,0,1181,2053,5
3372,0,0,1181,1342,5
3373,0,0,1181,4565,5
3374,0,0,1182,1791,5
3375,1,1,1183,3673,5
3376,0,0,1183,3200,5
3377,0,0,1186,4186,5
3378,1,0,1186,128,5
3379,0,0,1186,2013,5
3380,0,0,1186,817,5
3381,0,0,1186,5405,5
3382,0,0,1186,5215,5
3383,0,0,1186,4820,5
3384,0,0,1186,5406,5
3385,0,0,1186,2340,5
3386,0,0,1186,3071,5
3387,0,0,1187,1341,5
3388,0,0,1187,5783,5
3389,0,0,1187,1477,5
3390,1,1,1187,325,5
3391,0,0,1187,2423,5
3392,0,0,1187,3686,5
3393,1,1,1188,654,5
3394,0,0,1189,3872,5
3395,0,0,1189,570,5
3396,0,0,1189,302,5
3397,0,0,1189,3472,5
3398,0,0,1190,3264,5
3399,0,0,1190,2979,5
3400,0,0,1190,5411,5
3401,0,0,1191,3130,5
3402,0,0,1191,3075,5
3403,0,0,1191,649,5
3404,0,0,1191,3817,5
3405,0,0,1191,4995,5
3406,0,0,1192,5450,5
3407,0,0,1192,5206,5
3408,0,0,1192,5897,5
3409,1,1,1194,3797,5
3410,0,0,1195,2746,5
3411,0,0,1197,1504,5
3412,1,1,1197,1234,5
3413,0,0,1197,2379,5
3414,0,0,1197,3778,5
3415,0,0,1197,4831,5
3416,0,0,1197,3048,5
3417,0,0,1197,3516,5
3418,0,0,1197,4084,5
3419,0,0,1199,4302,5
3420,0,0,1199,187,5
3421,0,0,1200,3466,5
3422,0,0,1200,1262,5
3423,0,0,1200,1241,5
3424,0,0,1200,3271,5
3425,0,0,1201,3969,5
3426,0,1,1202,530,5
3427,0,0,1203,3717,5
3428,0,0,1203,753,5
3429,0,0,1203,2302,5
3430,0,0,1203,1414,5
3431,0,0,1203,5536,5
3432,0,0,1203,4298,5
3433,0,0,1203,4123,5
3434,0,0,1203,5788,5
3435,0,0,1203,3163,5
3436,0,0,1203,3204,5
3437,1,1,1204,3127,5
3438,0,0,1204,177,5
3439,0,0,1204,1907,5
3440,0,0,1204,1692,5
3441,0,0,1204,4478,5
3442,0,0,1204,3620,5
3443,0,0,1204,5282,5
3444,0,0,1204,2197,5
3445,0,0,1204,3097,5
3446,0,0,1207,1103,5
3447,0,0,1207,887,5
3448,0,0,1207,2739,5
3449,0,0,1207,4512,5
3450,0,0,1207,5422,5
3451,0,0,1207,3323,5
3452,0,0,1207,3483,5
3453,0,0,1207,5058,5
3454,1,1,1208,5102,5
3455,0,0,1209,3709,5
3456,0,0,1209,3468,5
3457,1,1,1210,2683,5
3458,0,0,1212,2643,5
3459,0,0,1212,1446,5
3460,0,0,1212,3284,5
3461,0,0,1212,4164,5
3462,0,0,1212,5079,5
3463,0,0,1212,3917,5
3464,0,0,1212,4086,5
3465,0,0,1212,4590,5
3466,1,1,1214,3160,5
3467,0,0,1214,422,5
3468,0,0,1214,1670,5
3469,0,0,1214,1389,5
3470,0,0,1214,4728,5
3471,0,0,1214,4722,5
3472,0,0,1214,4363,5
3473,0,0,1214,5348,5
3474,0,0,1214,1890,5
3475,0,0,1214,2852,5
3476,0,0,1216,1263,5
3477,0,1,1216,846,5
3478,0,0,1216,736,5
3479,0,0,1216,1814,5
3480,0,0,1216,2875,5
3481,0,0,1218,1430,5
3482,1,1,1218,4983,5
3483,0,0,1218,1652,5
3484,0,0,1218,850,5
3485,0,0,1218,3025,5
3486,0,0,1218,3998,5
3487,0,0,1218,5265,5
3488,0,0,1219,5995,5
3489,0,1,1219,1746,5
3490,0,0,1221,1344,5
3491,0,0,1221,735,5
3492,0,0,1221,3067,5
3493,0,0,1222,3790,5
3494,0,0,1222,624,5
3495,0,0,1222,1878,5
3496,0,0,1222,855,5
3497,0,0,1222,5376,5
3498,0,0,1222,4928,5
3499,0,0,1222,4062,5
3500,0,0,1222,5850,5
3501,0,0,1222,1959,5
3502,0,0,1222,2818,5
3503,0,0,1223,5627,5
3504,0,0,1223,3413,5
3505,0,1,1223,2504,5
3506,0,0,1223,4672,5
3507,0,0,1224,3789,5
3508,1,1,1225,2320,5
3509,0,0,1225,1938,5
3510,0,0,1228,3403,5
3511,0,0,1228,417,5
3512,0,0,1228,2156,5
3513,0,0,1228,467,5
3514,0,0,1228,5218,5
3515,0,0,1228,4583,5
3516,0,0,1228,5369,5
3517,0,0,1228,3265,5
3518,0,0,1228,3302,5
3519,0,0,1229,4166,5
3520,0,0,1229,2006,5
3521,0,0,1230,3497,5
3522,0,0,1230,256,5
3523,0,0,1230,2871,5
3524,0,0,1230,435,5
3525,0,0,1230,5336,5
3526,0,0,1230,4302,5
3527,0,0,1230,4092,5
3528,0,0,1230,6031,5
3529,0,0,1230,3182,5
3530,0,0,1230,3435,5
3531,0,0,1231,5009,5
3532,0,0,1231,447,5
3533,0,0,1231,364,5
3534,0,0,1231,2251,5
3535,0,0,1232,3192,5
3536,0,0,1232,2185,5
3537,0,0,1232,3920,5
3538,0,0,1232,5008,5
3539,0,0,1232,5720,5
3540,0,0,1232,4481,5
3541,0,0,1232,4647,5
3542,0,0,1232,5516,5
3543,0,0,1233,5782,5
3544,1,1,1234,1323,5
3545,1,1,1236,5465,5
3546,0,0,1237,4703,5
3547,0,0,1237,1973,5
3548,0,1,1238,2566,5
3549,0,0,1239,1754,5
3550,0,0,1239,5400,5
3551,0,0,1239,3537,5
3552,0,0,1239,1391,5
3553,0,0,1239,4919,5
3554,0,0,1239,5162,5
3555,0,0,1239,5515,5
3556,0,0,1240,797,5
3557,0,0,1240,482,5
3558,0,0,1240,1356,5
3559,0,0,1240,3372,5
3560,0,0,1240,5356,5
3561,0,0,1240,1396,5
3562,0,0,1240,1477,5
3563,0,0,1240,4641,5
3564,1,1,1241,2890,5
3565,0,0,1241,1283,5
3566,0,1,1242,3245,5
3567,1,1,1243,5280,5
3568,0,0,1244,2975,5
3569,0,0,1244,406,5
3570,0,0,1244,1037,5
3571,0,0,1244,915,5
3572,0,0,1244,3820,5
3573,0,0,1244,3777,5
3574,0,0,1244,3605,5
3575,0,0,1244,4136,5
3576,0,0,1244,1714,5
3577,0,0,1244,2182,5
3578,0,0,1245,5329,5
3579,0,0,1247,2966,5
3580,1,0,1249,5074,5
3581,0,0,1249,3502,5
3582,0,0,1250,1244,5
3583,0,0,1250,935,5
3584,0,0,1250,1983,5
3585,0,0,1250,2853,5
3586,0,0,1250,4171,5
3587,0,0,1250,2475,5
3588,0,0,1250,2594,5
3589,0,0,1250,3274,5
3590,0,0,1251,3302,5
3591,0,0,1251,2733,5
3592,0,0,1251,476,5
3593,0,0,1251,5076,5
3594,0,0,1251,5653,5
3595,0,0,1252,1856,5
3596,1,1,1252,4703,5
3597,0,0,1252,1973,5
3598,0,0,1252,639,5
3599,0,0,1252,2360,5
3600,0,0,1252,2708,5
3601,0,0,1253,3789,5
3602,0,1,1253,733,5
3603,0,0,1254,3653,5
3604,1,1,1254,608,5
3605,0,0,1255,5573,5
3606,0,0,1255,3447,5
3607,0,0,1255,1677,5
3608,0,0,1255,5326,5
3609,0,0,1257,3478,5
3610,0,0,1258,5777,5
3611,0,0,1259,4893,5
3612,0,0,1261,654,5
3613,0,1,1263,3537,5
3614,1,1,1264,2584,5
3615,0,0,1264,839,5
3616,0,0,1264,2743,5
3617,0,0,1265,5182,5
3618,0,0,1265,4019,5
3619,0,0,1266,5793,5
3620,0,0,1267,2413,5
3621,0,0,1267,1627,5
3622,0,0,1267,1217,5
3623,0,0,1267,4146,5
3624,1,1,1267,4725,5
3625,0,0,1268,3097,5
3626,0,0,1268,204,5
3627,0,0,1268,1250,5
3628,1,0,1268,425,5
3629,0,0,1268,5238,5
3630,0,0,1268,3982,5
3631,0,0,1268,3127,5
3632,0,0,1268,5783,5
3633,0,0,1268,1638,5
3634,0,0,1268,1692,5
3635,0,0,1271,4524,5
3636,0,0,1272,5057,5
3637,0,0,1272,2514,5
3638,0,0,1273,5852,5
3639,0,0,1275,4067,5
3640,0,0,1275,4030,5
3641,0,0,1275,221,5
3642,0,0,1275,5821,5
3643,0,0,1275,5843,5
3644,0,0,1277,1095,5
3645,0,0,1277,1031,5
3646,0,0,1277,3057,5
3647,1,1,1277,5258,5
3648,0,0,1277,5983,5
3649,0,0,1277,4415,5
3650,0,0,1277,4908,5
3651,0,0,1277,5772,5
3652,0,0,1280,797,5
3653,0,0,1280,2359,5
3654,0,0,1280,1456,5
3655,0,0,1280,616,5
3656,0,0,1280,1470,5
3657,0,0,1280,1805,5
3658,0,0,1280,5608,5
3659,0,0,1283,5694,5
3660,1,1,1286,709,5
3661,0,0,1287,2806,5
3662,0,0,1287,720,5
3663,0,0,1287,2449,5
3664,0,0,1287,1684,5
3665,0,0,1287,4609,5
3666,0,0,1287,4575,5
3667,0,0,1287,3457,5
3668,0,0,1287,5938,5
3669,0,0,1287,2587,5
3670,0,0,1287,2634,5
3671,0,0,1290,2053,5
3672,0,0,1290,210,5
3673,0,0,1290,2425,5
3674,0,0,1290,4565,5
3675,0,0,1290,5141,5
3676,0,0,1290,2561,5
3677,0,0,1290,2728,5
3678,0,0,1290,4721,5
3679,0,0,1292,2354,5
3680,0,0,1292,161,5
3681,0,0,1292,1883,5
3682,0,0,1292,500,5
3683,0,0,1292,4204,5
3684,0,0,1292,2994,5
3685,0,0,1292,2584,5
3686,0,0,1292,4802,5
3687,0,0,1292,2262,5
3688,0,0,1292,2347,5
3689,0,0,1295,1068,5
3690,0,0,1295,5149,5
3691,0,0,1295,1768,5
3692,0,0,1295,431,5
3693,0,0,1295,1906,5
3694,0,0,1295,4454,5
3695,0,0,1295,5170,5
3696,0,1,1297,3209,5
3697,0,0,1298,303,5
3698,0,0,1300,615,5
3699,0,0,1300,611,5
3700,0,0,1300,1104,5
3701,0,0,1300,3689,5
3702,0,0,1300,4250,5
3703,0,0,1300,1152,5
3704,0,0,1300,1579,5
3705,0,0,1300,4058,5
3706,0,0,1303,808,5
3707,0,0,1303,5741,5
3708,0,0,1303,1864,5
3709,0,0,1303,415,5
3710,0,0,1303,2950,5
3711,0,0,1303,3232,5
3712,0,0,1303,5850,5
3713,1,1,1304,3189,5
3714,0,0,1304,2553,5
3715,0,0,1304,5972,5
3716,0,0,1305,1280,5
3717,0,0,1307,3908,5
3718,0,0,1307,2760,5
3719,0,0,1307,4928,5
3720,0,0,1308,2509,5
3721,0,0,1308,280,5
3722,0,0,1308,1417,5
3723,1,0,1308,708,5
3724,0,0,1308,3968,5
3725,0,0,1308,3759,5
3726,0,0,1308,3679,5
3727,0,0,1308,4274,5
3728,0,0,1308,2259,5
3729,0,0,1308,2341,5
3730,0,0,1309,1469,5
3731,0,0,1309,4527,5
3732,0,0,1309,3272,5
3733,0,0,1309,954,5
3734,0,0,1309,4133,5
3735,0,0,1309,4135,5
3736,0,0,1310,3414,5
3737,0,0,1310,262,5
3738,0,0,1310,1204,5
3739,0,0,1310,611,5
3740,0,0,1310,5352,5
3741,0,0,1310,5187,5
3742,0,0,1310,3658,5
3743,0,0,1310,5387,5
3744,0,0,1310,1579,5
3745,0,0,1310,3049,5
3746,0,0,1311,4335,5
3747,0,0,1311,257,5
3748,0,0,1311,1656,5
3749,0,0,1311,1408,5
3750,0,0,1311,5643,5
3751,0,0,1311,4950,5
3752,1,1,1311,5805,5
3753,0,0,1311,2201,5
3754,0,0,1311,4072,5
3755,1,1,1312,2879,5
3756,0,0,1313,633,5
3757,0,0,1313,235,5
3758,0,0,1313,1343,5
3759,0,1,1315,5176,5
3760,0,0,1316,3543,5
3761,0,0,1316,999,5
3762,0,0,1316,1189,5
3763,0,0,1316,1115,5
3764,0,0,1316,4001,5
3765,0,0,1316,3634,5
3766,0,0,1316,5876,5
3767,0,0,1316,1971,5
3768,0,0,1316,2728,5
3769,1,0,1318,5431,5
3770,1,1,1320,4702,5
3771,0,0,1320,2883,5
3772,0,0,1321,3067,5
3773,0,0,1322,3780,5
3774,0,0,1322,392,5
3775,0,0,1322,5368,5
3776,0,0,1326,1456,5
3777,0,0,1326,4156,5
3778,0,0,1326,1470,5
3779,0,0,1326,1361,5
3780,0,0,1326,1805,5
3781,0,1,1326,4054,5
3782,0,0,1326,5608,5
3783,0,0,1328,40,5
3784,0,0,1330,3195,5
3785,0,0,1330,1958,5
3786,0,0,1330,1788,5
3787,0,0,1330,4518,5
3788,0,0,1330,5999,5
3789,0,0,1331,1630,5
3790,0,0,1336,4293,5
3791,0,0,1336,458,5
3792,0,0,1336,1527,5
3793,0,0,1336,556,5
3794,0,0,1336,5384,5
3795,0,0,1336,5263,5
3796,0,0,1336,4367,5
3797,0,0,1336,5771,5
3798,0,0,1336,2059,5
3799,0,0,1336,2074,5
3800,0,0,1337,2001,5
3801,1,0,1337,1672,5
3802,0,0,1337,1169,5
3803,0,0,1337,5149,5
3804,0,0,1337,5315,5
3805,1,1,1338,4748,5
3806,0,0,1338,1064,5
3807,1,0,1342,673,5
3808,0,0,1345,4709,5
3809,0,0,1345,1602,5
3810,0,0,1345,2749,5
3811,0,0,1345,2112,5
3812,0,0,1345,5019,5
3813,0,0,1345,4928,5
3814,0,0,1345,4911,5
3815,0,0,1345,5593,5
3816,0,0,1345,2983,5
3817,0,0,1345,3839,5
3818,0,1,1346,4371,5
3819,0,0,1346,2136,5
3820,0,0,1346,1580,5
3821,0,0,1346,4253,5
3822,0,0,1348,5882,5
3823,0,0,1348,3602,5
3824,0,0,1348,2851,5
3825,0,0,1348,4469,5
3826,0,0,1349,3835,5
3827,0,0,1350,710,5
3828,0,0,1350,438,5
3829,0,0,1350,761,5
3830,0,0,1350,4859,5
3831,0,0,1350,5974,5
3832,1,1,1350,4710,5
3833,0,0,1350,4719,5
3834,0,0,1350,5322,5
3835,0,0,1351,3719,5
3836,0,0,1351,458,5
3837,1,1,1351,5008,5
3838,0,0,1354,5357,5
3839,0,1,1354,1741,5
3840,0,0,1354,5838,5
3841,0,0,1355,5838,5
3842,0,0,1355,1231,5
3843,0,0,1355,415,5
3844,0,0,1355,1353,5
3845,0,0,1356,1419,5
3846,0,0,1356,1205,5
3847,0,0,1356,4962,5
3848,0,0,1357,289,5
3849,0,0,1357,83,5
3850,0,0,1357,738,5
3851,0,0,1357,2973,5
3852,0,0,1357,4079,5
3853,0,0,1357,1642,5
3854,0,0,1357,2623,5
3855,0,0,1357,3477,5
3856,0,0,1359,5255,5
3857,0,0,1359,152,5
3858,0,0,1359,5369,5
3859,0,0,1361,3508,5
3860,0,0,1361,45,5
3861,0,0,1361,2262,5
3862,0,0,1361,1269,5
3863,0,0,1361,4739,5
3864,0,0,1361,3976,5
3865,0,0,1361,3944,5
3866,0,0,1361,5071,5
3867,0,0,1361,2310,5
3868,0,0,1361,2851,5
3869,0,0,1363,2313,5
3870,0,0,1363,291,5
3871,1,1,1363,271,5
3872,0,0,1363,1358,5
3873,1,1,1364,5688,5
3874,0,0,1364,1930,5
3875,1,1,1365,532,5
3876,0,0,1366,5976,5
3877,0,0,1367,2936,5
3878,0,0,1367,58,5
3879,0,0,1367,1396,5
3880,0,0,1367,133,5
3881,0,0,1367,5799,5
3882,0,0,1367,4972,5
3883,0,0,1367,4700,5
3884,0,0,1367,5858,5
3885,0,0,1367,2841,5
3886,0,0,1367,2915,5
3887,0,0,1368,5260,5
3888,0,0,1369,2879,5
3889,0,0,1369,2415,5
3890,0,0,1369,528,5
3891,1,1,1369,2731,5
3892,1,1,1370,3737,5
3893,0,0,1372,825,5
3894,0,0,1372,531,5
3895,0,0,1372,901,5
3896,0,0,1372,3260,5
3897,0,0,1372,5436,5
3898,0,0,1372,1030,5
3899,0,0,1372,3051,5
3900,0,0,1372,4415,5
3901,0,0,1374,3103,5
3902,0,0,1374,592,5
3903,0,0,1374,1324,5
3904,1,1,1374,1035,5
3905,0,0,1374,5671,5
3906,0,0,1374,5255,5
3907,0,0,1374,5724,5
3908,0,0,1374,1487,5
3909,0,0,1374,1556,5
3910,0,0,1375,3495,5
3911,0,0,1375,926,5
3912,0,0,1375,2597,5
3913,0,0,1375,1189,5
3914,0,0,1375,4802,5
3915,0,0,1375,4105,5
3916,0,0,1375,3702,5
3917,0,0,1375,5312,5
3918,0,0,1375,2763,5
3919,0,0,1375,2831,5
3920,1,1,1377,3738,5
3921,0,0,1380,2802,5
3922,0,0,1380,682,5
3923,0,0,1380,1210,5
3924,0,0,1380,789,5
3925,0,0,1380,5434,5
3926,0,0,1380,4768,5
3927,0,0,1380,3518,5
3928,0,0,1380,5758,5
3929,0,0,1380,1242,5
3930,0,0,1380,1521,5
3931,0,0,1382,4203,5
3932,0,0,1383,5852,5
3933,1,1,1383,4942,5
3934,0,0,1384,5730,5
3935,1,1,1384,4347,5
3936,0,0,1385,5100,5
3937,0,0,1385,975,5
3938,0,0,1385,20,5
3939,1,1,1385,5013,5
3940,1,1,1386,1033,5
3941,0,0,1387,3120,5
3942,0,0,1387,922,5
3943,0,0,1387,4187,5
3944,0,0,1388,3107,5
3945,0,0,1388,949,5
3946,0,0,1388,1613,5
3947,0,0,1388,1340,5
3948,0,0,1388,4802,5
3949,0,0,1388,4296,5
3950,0,0,1388,4264,5
3951,0,0,1388,5947,5
3952,0,0,1388,2139,5
3953,0,0,1388,2749,5
3954,0,0,1390,1628,5
3955,0,0,1390,743,5
3956,0,0,1390,1829,5
3957,0,0,1390,2645,5
3958,0,0,1390,4662,5
3959,0,0,1390,2239,5
3960,0,0,1390,2525,5
3961,0,0,1390,3391,5
3962,0,1,1391,2647,5
3963,0,0,1395,1321,5
3964,0,0,1395,324,5
3965,0,0,1395,1465,5
3966,0,0,1395,4955,5
3967,0,0,1395,5796,5
3968,0,0,1395,2676,5
3969,0,0,1395,4163,5
3970,0,0,1395,5780,5
3971,0,0,1397,4878,5
3972,0,0,1397,32,5
3973,0,0,1397,570,5
3974,0,0,1397,295,5
3975,0,0,1397,5170,5
3976,0,0,1397,5143,5
3977,0,0,1397,5125,5
3978,0,0,1397,5950,5
3979,0,0,1397,1951,5
3980,0,0,1397,3025,5
3981,0,0,1398,2873,5
3982,0,1,1398,1515,5
3983,0,0,1398,372,5
3984,0,0,1398,4668,5
3985,0,0,1398,5866,5
3986,1,1,1400,1130,5
3987,0,1,1405,2729,5
3988,0,1,1407,4550,5
3989,0,0,1407,3063,5
3990,0,0,1407,5985,5
3991,0,0,1409,2516,5
3992,0,0,1409,109,5
3993,1,0,1409,3743,5
3994,1,0,1410,3715,5
3995,0,0,1411,5403,5
3996,0,0,1412,5840,5
3997,0,0,1412,611,5
3998,0,0,1414,1041,5
3999,0,0,1415,3051,5
4000,0,0,1415,4946,5
4001,0,0,1415,3902,5
4002,0,0,1415,1245,5
4003,0,0,1415,4359,5
4004,0,0,1415,4613,5
4005,0,0,1415,6006,5
4006,0,0,1416,5786,5
4007,0,0,1416,1272,5
4008,0,0,1416,1068,5
4009,0,0,1416,5772,5
4010,0,0,1419,398,5
4011,1,1,1420,1933,5
4012,0,0,1422,2774,5
4013,0,0,1423,4007,5
4014,0,0,1423,1589,5
4015,0,0,1424,2562,5
4016,0,0,1424,5539,5
4017,0,0,1424,4626,5
4018,0,0,1424,1745,5
4019,0,0,1424,5435,5
4020,0,0,1424,5524,5
4021,0,0,1424,5595,5
4022,1,1,1427,5428,5
4023,0,0,1427,1836,5
4024,0,0,1428,5151,5
4025,0,0,1428,173,5
4026,0,0,1428,3839,5
4027,0,0,1428,562,5
4028,0,0,1428,5757,5
4029,0,0,1428,5593,5
4030,0,0,1428,5154,5
4031,0,0,1428,5945,5
4032,0,0,1428,4911,5
4033,0,0,1428,5019,5
4034,0,0,1429,5263,5
4035,0,0,1429,3891,5
4036,0,0,1429,191,5
4037,0,0,1429,4731,5
4038,0,0,1431,3825,5
4039,1,1,1431,5702,5
4040,0,0,1431,4598,5
4041,0,0,1431,2938,5
4042,0,0,1431,5017,5
4043,0,0,1431,5297,5
4044,0,0,1431,5784,5
4045,0,0,1432,2259,5
4046,0,0,1432,405,5
4047,0,0,1432,2379,5
4048,0,0,1432,5179,5
4049,1,1,1432,5687,5
4050,0,0,1432,2462,5
4051,0,0,1432,4052,5
4052,0,0,1432,5355,5
4053,0,0,1434,1141,5
4054,0,0,1434,195,5
4055,0,0,1434,1504,5
4056,0,0,1434,3476,5
4057,0,0,1434,3778,5
4058,0,1,1434,2054,5
4059,0,0,1434,2302,5
4060,0,0,1434,3729,5
4061,1,0,1435,5277,5
4062,0,0,1436,4555,5
4063,0,0,1437,5296,5
4064,1,1,1437,3473,5
4065,0,0,1437,1130,5
4066,0,0,1437,4811,5
4067,0,0,1438,1678,5
4068,0,0,1438,769,5
4069,1,1,1438,3692,5
4070,0,0,1439,4514,5
4071,0,0,1439,1683,5
4072,0,0,1439,2774,5
4073,0,0,1439,1830,5
4074,0,0,1439,5098,5
4075,0,0,1439,4875,5
4076,0,0,1439,4873,5
4077,0,0,1439,5152,5
4078,0,0,1439,3360,5
4079,0,0,1439,3737,5
4080,0,0,1440,514,5
4081,0,0,1440,330,5
4082,0,0,1440,567,5
4083,0,0,1440,3053,5
4084,0,0,1440,5665,5
4085,0,0,1440,2681,5
4086,0,0,1440,2915,5
4087,0,0,1440,3284,5
4088,0,0,1441,4781,5
4089,1,1,1441,3461,5
4090,1,1,1447,1134,5
4091,0,0,1447,3135,5
4092,0,0,1447,1470,5
4093,0,0,1447,506,5
4094,0,0,1447,2354,5
4095,0,0,1447,2673,5
4096,0,0,1447,5177,5
4097,0,0,1448,4887,5
4098,0,0,1448,1260,5
4099,0,0,1448,2352,5
4100,0,0,1448,2018,5
4101,0,0,1448,5620,5
4102,1,0,1448,5048,5
4103,0,0,1448,4894,5
4104,0,0,1448,5803,5
4105,0,0,1448,2611,5
4106,0,0,1448,4651,5
4107,0,1,1451,5350,5
4108,0,0,1451,1577,5
4109,0,0,1452,5866,5
4110,0,0,1453,4408,5
4111,0,0,1453,1698,5
4112,0,1,1453,1385,5
4113,0,0,1453,4011,5
4114,0,0,1454,3456,5
4115,0,0,1454,1785,5
4116,1,1,1456,3163,5
4117,0,0,1458,5930,5
4118,1,1,1458,2122,5
4119,0,0,1459,4402,5
4120,0,0,1459,601,5
4121,0,0,1460,4920,5
4122,1,1,1462,5177,5
4123,0,0,1463,3953,5
4124,0,0,1463,21,5
4125,0,0,1463,1521,5
4126,0,0,1463,725,5
4127,0,0,1463,4904,5
4128,0,0,1463,4249,5
4129,0,0,1463,5434,5
4130,0,0,1463,2058,5
4131,0,0,1463,3527,5
4132,0,0,1464,480,5
4133,1,1,1465,5653,5
4134,0,0,1465,1450,5
4135,0,0,1465,209,5
4136,0,0,1465,1687,5
4137,0,1,1467,2917,5
4138,0,0,1468,2932,5
4139,0,0,1469,3455,5
4140,0,0,1469,154,5
4141,0,0,1469,540,5
4142,0,0,1469,539,5
4143,0,0,1469,5238,5
4144,0,0,1469,4634,5
4145,0,0,1469,3858,5
4146,0,0,1469,5573,5
4147,0,0,1469,1632,5
4148,0,0,1469,2127,5
4149,1,0,1470,1760,5
4150,0,0,1473,5688,5
4151,0,0,1473,786,5
4152,0,0,1473,369,5
4153,0,0,1473,4167,5
4154,0,1,1474,2362,5
4155,0,0,1475,2696,5
4156,0,0,1475,1690,5
4157,0,0,1478,2241,5
4158,1,0,1478,109,5
4159,0,0,1478,2368,5
4160,0,0,1478,3793,5
4161,0,0,1478,4971,5
4162,0,0,1478,2516,5
4163,0,0,1478,3474,5
4164,0,0,1478,4440,5
4165,1,1,1479,1714,5
4166,0,0,1479,613,5
4167,0,0,1479,1958,5
4168,0,0,1479,3363,5
4169,0,0,1479,4226,5
4170,0,0,1479,2866,5
4171,0,0,1479,3112,5
4172,0,0,1479,3633,5
4173,0,1,1480,5767,5
4174,0,0,1480,2374,5
4175,0,0,1480,1271,5
4176,0,0,1480,2513,5
4177,0,0,1481,898,5
4178,0,0,1481,669,5
4179,0,0,1481,1249,5
4180,0,0,1481,5510,5
4181,0,0,1481,5720,5
4182,0,0,1481,2185,5
4183,0,0,1481,4025,5
4184,0,0,1481,5693,5
4185,1,1,1482,4729,5
4186,0,0,1482,56,5
4187,0,0,1482,4918,5
4188,0,0,1483,3956,5
4189,0,0,1483,3219,5
4190,1,1,1483,1019,5
4191,0,0,1483,4136,5
4192,0,0,1483,4756,5
4193,0,0,1484,4137,5
4194,0,0,1484,160,5
4195,0,0,1484,1044,5
4196,0,0,1484,385,5
4197,0,0,1484,4816,5
4198,0,0,1484,4637,5
4199,0,0,1484,4206,5
4200,0,0,1484,5125,5
4201,0,0,1484,3102,5
4202,0,0,1484,3713,5
4203,0,0,1486,3604,5
4204,0,0,1486,1210,5
4205,0,0,1486,1627,5
4206,0,0,1486,1217,5
4207,0,0,1486,4854,5
4208,0,0,1486,4725,5
4209,0,0,1486,4146,5
4210,0,0,1486,5310,5
4211,0,0,1486,1779,5
4212,0,0,1486,2413,5
4213,0,0,1487,4044,5
4214,0,0,1487,1709,5
4215,0,0,1487,834,5
4216,0,0,1487,3934,5
4217,0,0,1488,5616,5
4218,0,0,1490,4172,5
4219,0,0,1490,3097,5
4220,0,0,1490,2247,5
4221,0,0,1490,4316,5
4222,0,0,1490,4760,5
4223,0,0,1492,2463,5
4224,0,0,1492,141,5
4225,1,1,1492,32,5
4226,0,0,1492,4048,5
4227,0,0,1492,4179,5
4228,0,0,1493,5600,5
4229,0,0,1493,4688,5
4230,0,0,1493,5898,5
4231,0,0,1495,4721,5
4232,0,0,1495,2186,5
4233,0,0,1499,59,5
4234,0,0,1501,1290,5
4235,0,0,1501,4160,5
4236,0,0,1501,1958,5
4237,0,0,1501,1133,5
4238,0,0,1501,3235,5
4239,1,1,1501,3288,5
4240,0,0,1502,5600,5
4241,0,1,1502,5493,5
4242,1,1,1503,312,5
4243,0,0,1504,973,5
4244,0,1,1504,753,5
4245,0,0,1505,5796,5
4246,0,0,1505,1151,5
4247,0,0,1505,723,5
4248,0,0,1505,1569,5
4249,0,0,1506,1158,5
4250,0,0,1506,3876,5
4251,0,0,1506,1165,5
4252,0,0,1506,964,5
4253,1,1,1506,1743,5
4254,0,0,1506,2081,5
4255,0,0,1506,4616,5
4256,0,0,1507,199,5
4257,0,0,1507,4579,5
4258,0,0,1507,2848,5
4259,0,0,1507,106,5
4260,0,0,1507,3305,5
4261,0,0,1507,3312,5
4262,0,0,1507,4968,5
4263,0,0,1508,5655,5
4264,0,0,1508,1350,5
4265,0,0,1508,5849,5
4266,1,1,1509,1929,5
4267,0,0,1509,1608,5
4268,0,0,1509,2550,5
4269,0,0,1510,5010,5
4270,0,0,1510,1320,5
4271,0,0,1511,4826,5
4272,0,0,1511,357,5
4273,1,1,1512,3207,5
4274,0,0,1512,1894,5
4275,1,1,1516,4673,5
4276,0,0,1516,1516,5
4277,0,0,1517,3736,5
4278,0,0,1517,1484,5
4279,0,0,1517,2395,5
4280,0,1,1517,1623,5
4281,0,0,1517,4872,5
4282,0,0,1517,4205,5
4283,0,0,1517,4052,5
4284,0,0,1517,5104,5
4285,0,0,1517,3199,5
4286,0,0,1517,3330,5
4287,0,0,1518,5509,5
4288,0,0,1518,634,5
4289,0,1,1519,4154,5
4290,0,0,1519,2822,5
4291,0,0,1520,3620,5
4292,0,0,1521,4287,5
4293,0,0,1521,1582,5
4294,0,0,1521,2592,5
4295,0,0,1521,1935,5
4296,0,0,1521,4961,5
4297,0,0,1521,4687,5
4298,0,0,1521,4292,5
4299,0,0,1521,5752,5
4300,0,0,1521,2795,5
4301,0,0,1521,2856,5
4302,1,1,1523,958,5
4303,0,0,1524,1910,5
4304,0,0,1524,186,5
4305,0,0,1524,1225,5
4306,0,0,1524,379,5
4307,0,0,1524,3161,5
4308,0,0,1524,2831,5
4309,0,0,1524,2401,5
4310,0,0,1524,3333,5
4311,0,0,1524,1406,5
4312,0,0,1524,1650,5
4313,1,0,1525,5072,5
4314,0,0,1526,1302,5
4315,0,0,1526,4090,5
4316,0,0,1526,1383,5
4317,0,0,1526,888,5
4318,0,0,1526,3967,5
4319,0,0,1526,4088,5
4320,0,0,1526,5072,5
4321,0,0,1527,5278,5
4322,0,0,1527,809,5
4323,0,0,1527,1971,5
4324,0,0,1527,1601,5
4325,0,0,1527,5497,5
4326,0,0,1527,5464,5
4327,0,0,1527,5380,5
4328,0,0,1527,5945,5
4329,0,0,1527,5016,5
4330,0,0,1527,5149,5
4331,0,1,1528,1178,5
4332,0,0,1528,815,5
4333,0,0,1528,777,5
4334,0,0,1528,2196,5
4335,0,0,1528,2520,5
4336,0,0,1530,3872,5
4337,0,0,1530,3364,5
4338,0,0,1530,4608,5
4339,0,0,1531,3409,5
4340,0,0,1531,562,5
4341,0,0,1531,473,5
4342,0,0,1531,4961,5
4343,0,0,1531,5752,5
4344,0,0,1532,2347,5
4345,0,0,1532,12,5
4346,0,0,1532,890,5
4347,0,0,1532,553,5
4348,0,0,1532,4604,5
4349,0,0,1532,2893,5
4350,0,0,1532,2488,5
4351,0,0,1532,4891,5
4352,0,0,1532,1807,5
4353,0,0,1532,2308,5
4354,1,0,1533,1361,5
4355,0,0,1533,476,5
4356,0,0,1534,2842,5
4357,0,0,1534,1167,5
4358,0,0,1535,2456,5
4359,0,0,1535,1810,5
4360,0,0,1535,300,5
4361,0,0,1535,3812,5
4362,0,0,1535,5740,5
4363,1,1,1536,2486,5
4364,0,0,1538,4012,5
4365,0,0,1538,1804,5
4366,0,0,1538,2920,5
4367,0,0,1538,2801,5
4368,0,0,1538,4961,5
4369,0,0,1538,4660,5
4370,0,0,1538,4603,5
4371,0,0,1538,5901,5
4372,0,0,1538,3873,5
4373,0,0,1538,3967,5
4374,0,0,1539,2533,5
4375,0,0,1539,4903,5
4376,0,0,1539,2896,5
4377,1,1,1539,1196,5
4378,0,0,1539,3330,5
4379,0,0,1539,4345,5
4380,0,0,1539,5104,5
4381,0,1,1540,2373,5
4382,0,0,1540,72,5
4383,1,1,1541,4156,5
4384,0,0,1542,4409,5
4385,0,0,1542,1706,5
4386,0,0,1542,4603,5
4387,0,0,1543,5076,5
4388,0,0,1543,3374,5
4389,1,1,1545,411,5
4390,0,0,1545,203,5
4391,0,0,1548,4431,5
4392,0,0,1548,196,5
4393,1,1,1548,5305,5
4394,0,0,1549,1483,5
4395,0,0,1549,4471,5
4396,1,1,1549,3016,5
4397,0,0,1549,233,5
4398,0,0,1549,3782,5
4399,0,0,1549,3897,5
4400,0,0,1549,5551,5
4401,1,1,1550,1781,5
4402,0,0,1552,3230,5
4403,0,0,1552,142,5
4404,0,0,1552,1260,5
4405,0,0,1552,882,5
4406,0,0,1552,5048,5
4407,0,0,1552,4894,5
4408,0,0,1552,4887,5
4409,0,0,1552,5620,5
4410,0,0,1552,1675,5
4411,0,0,1552,2157,5
4412,0,0,1554,1703,5
4413,0,0,1554,2973,5
4414,0,0,1554,1860,5
4415,0,0,1554,484,5
4416,0,0,1554,2447,5
4417,0,0,1554,2449,5
4418,0,0,1554,4079,5
4419,0,0,1556,4303,5
4420,0,0,1556,2960,5
4421,0,0,1556,2023,5
4422,0,0,1556,4164,5
4423,0,0,1557,199,5
4424,0,0,1557,4968,5
4425,1,1,1557,2848,5
4426,0,0,1557,106,5
4427,0,0,1557,3305,5
4428,0,0,1557,4579,5
4429,0,0,1559,5616,5
4430,1,1,1560,1789,5
4431,0,0,1561,5727,5
4432,0,0,1561,2875,5
4433,0,0,1562,3305,5
4434,0,0,1562,2716,5
4435,0,0,1564,3771,5
4436,0,0,1564,2942,5
4437,0,0,1564,2368,5
4438,0,0,1564,5105,5
4439,0,0,1564,5911,5
4440,1,1,1565,4204,5
4441,0,0,1566,4402,5
4442,0,0,1568,1892,5
4443,0,0,1568,28,5
4444,0,0,1568,1173,5
4445,0,0,1568,384,5
4446,0,0,1568,4171,5
4447,0,0,1568,3007,5
4448,0,0,1568,2698,5
4449,0,0,1568,4361,5
4450,0,0,1568,1244,5
4451,0,0,1568,1426,5
4452,0,0,1569,613,5
4453,0,0,1569,3293,5
4454,0,0,1569,1262,5
4455,0,0,1569,18,5
4456,0,0,1569,2231,5
4457,0,0,1569,2538,5
4458,0,0,1569,5891,5
4459,0,0,1570,1464,5
4460,0,0,1571,3640,5
4461,0,0,1571,287,5
4462,0,0,1571,753,5
4463,0,0,1571,541,5
4464,0,0,1571,5950,5
4465,0,0,1571,4414,5
4466,0,0,1571,4129,5
4467,0,0,1571,5996,5
4468,0,0,1571,2428,5
4469,0,0,1571,2594,5
4470,1,1,1572,3274,5
4471,0,0,1573,2047,5
4472,0,0,1573,1655,5
4473,0,0,1574,5677,5
4474,0,0,1574,3091,5
4475,0,0,1574,796,5
4476,0,0,1574,4683,5
4477,0,0,1575,5671,5
4478,0,0,1575,3103,5
4479,0,0,1575,956,5
4480,0,0,1575,3386,5
4481,0,0,1577,2641,5
4482,0,0,1577,1717,5
4483,0,0,1577,166,5
4484,0,0,1577,3863,5
4485,0,0,1577,4006,5
4486,1,1,1580,1576,5
4487,0,0,1580,937,5
4488,0,0,1580,2458,5
4489,0,0,1580,5227,5
4490,0,0,1580,5984,5
4491,0,0,1580,2883,5
4492,0,0,1580,4263,5
4493,0,0,1580,5290,5
4494,0,0,1581,6052,5
4495,0,0,1581,4553,5
4496,0,0,1581,4518,5
4497,0,0,1581,5336,5
4498,0,0,1582,4419,5
4499,0,0,1582,172,5
4500,0,0,1582,2325,5
4501,0,0,1582,1066,5
4502,0,0,1582,5607,5
4503,0,0,1582,4731,5
4504,0,0,1582,5953,5
4505,0,0,1582,3212,5
4506,0,0,1582,3547,5
4507,1,1,1584,4623,5
4508,0,0,1584,3942,5
4509,1,1,1585,811,5
4510,1,0,1586,1892,5
4511,0,0,1587,2465,5
4512,1,1,1587,2261,5
4513,0,0,1587,1937,5
4514,0,0,1587,2930,5
4515,0,0,1587,4133,5
4516,0,0,1588,3917,5
4517,0,0,1588,1040,5
4518,1,1,1588,2643,5
4519,0,0,1588,2116,5
4520,0,0,1588,4590,5
4521,0,0,1588,4203,5
4522,0,0,1588,4086,5
4523,0,0,1588,5079,5
4524,0,0,1588,3037,5
4525,0,0,1588,3138,5
4526,0,0,1590,2877,5
4527,0,0,1590,906,5
4528,0,0,1590,1828,5
4529,0,0,1590,947,5
4530,0,0,1590,5403,5
4531,0,0,1590,5093,5
4532,0,0,1590,3658,5
4533,0,0,1590,5497,5
4534,0,0,1590,2676,5
4535,0,0,1590,2793,5
4536,0,0,1592,2890,5
4537,0,0,1592,273,5
4538,0,0,1592,592,5
4539,0,0,1592,289,5
4540,0,0,1592,4792,5
4541,0,0,1592,3013,5
4542,0,0,1592,2903,5
4543,0,0,1592,5671,5
4544,0,0,1592,1035,5
4545,0,0,1592,1527,5
4546,0,1,1593,96,5
4547,0,0,1594,4155,5
4548,0,0,1594,2713,5
4549,0,0,1594,6041,5
4550,0,0,1598,292,5
4551,0,0,1598,251,5
4552,1,1,1599,2914,5
4553,0,0,1599,227,5
4554,0,0,1599,5061,5
4555,0,0,1600,1766,5
4556,1,1,1600,872,5
4557,0,0,1600,3902,5
4558,0,0,1601,3274,5
4559,0,0,1601,694,5
4560,0,0,1601,1244,5
4561,0,0,1601,1110,5
4562,0,0,1601,4414,5
4563,0,0,1601,4361,5
4564,0,0,1601,3333,5
4565,0,0,1601,5996,5
4566,0,0,1601,1968,5
4567,0,0,1601,3007,5
4568,0,0,1604,4702,5
4569,0,0,1604,3054,5
4570,1,1,1604,1819,5
4571,0,0,1604,5393,5
4572,0,0,1604,5559,5
4573,0,0,1605,3374,5
4574,0,0,1605,1126,5
4575,0,0,1605,2023,5
4576,0,0,1605,1524,5
4577,0,0,1605,3976,5
4578,0,0,1605,3663,5
4579,0,0,1605,5076,5
4580,0,0,1605,2327,5
4581,0,0,1605,2511,5
4582,0,0,1606,671,5
4583,1,1,1606,3405,5
4584,0,0,1606,1017,5
4585,0,0,1606,329,5
4586,0,0,1606,1743,5
4587,0,0,1606,1823,5
4588,1,1,1607,5,5
4589,0,0,1609,3938,5
4590,0,0,1609,1447,5
4591,0,0,1609,540,5
4592,0,0,1609,4032,5
4593,0,0,1609,4413,5
4594,0,0,1610,3578,5
4595,0,0,1610,873,5
4596,1,1,1610,375,5
4597,0,0,1610,3510,5
4598,0,0,1611,1917,5
4599,0,0,1612,3198,5
4600,0,0,1613,807,5
4601,0,0,1613,205,5
4602,0,0,1613,3906,5
4603,0,0,1614,3872,5
4604,0,0,1615,1549,5
4605,0,0,1616,3304,5
4606,0,0,1616,267,5
4607,0,0,1616,1768,5
4608,0,0,1616,1210,5
4609,0,0,1616,4055,5
4610,0,0,1616,3604,5
4611,0,0,1616,4604,5
4612,0,0,1616,2629,5
4613,0,0,1616,3164,5
4614,1,1,1618,4293,5
4615,0,0,1619,1262,5
4616,0,0,1619,5427,5
4617,0,0,1619,1308,5
4618,0,0,1619,1241,5
4619,0,0,1619,3363,5
4620,0,0,1619,3466,5
4621,0,0,1619,5685,5
4622,0,0,1623,1197,5
4623,0,0,1623,1112,5
4624,0,0,1623,2775,5
4625,0,0,1624,2494,5
4626,0,0,1624,5145,5
4627,0,0,1624,3061,5
4628,0,0,1624,2296,5
4629,0,0,1624,3727,5
4630,0,0,1624,4115,5
4631,1,1,1624,5753,5
4632,1,1,1625,1201,5
4633,0,0,1626,3690,5
4634,0,0,1626,160,5
4635,0,0,1626,1333,5
4636,0,0,1626,284,5
4637,0,0,1626,4638,5
4638,0,0,1626,4206,5
4639,0,0,1626,4137,5
4640,0,0,1626,5203,5
4641,0,0,1626,2430,5
4642,0,0,1626,3350,5
4643,0,0,1629,5603,5
4644,0,0,1630,4525,5
4645,1,1,1630,2037,5
4646,0,0,1632,3127,5
4647,0,0,1632,385,5
4648,0,0,1632,1044,5
4649,0,0,1632,840,5
4650,0,0,1632,4478,5
4651,0,0,1632,4137,5
4652,0,0,1632,3713,5
4653,0,0,1632,4637,5
4654,0,0,1632,2367,5
4655,0,0,1632,3102,5
4656,0,0,1633,1949,5
4657,0,0,1633,1017,5
4658,0,0,1633,1126,5
4659,0,0,1633,1099,5
4660,0,0,1633,3225,5
4661,0,0,1633,3029,5
4662,0,0,1633,3024,5
4663,0,0,1633,5400,5
4664,0,0,1633,1422,5
4665,0,0,1633,1460,5
4666,0,1,1634,6037,5
4667,0,0,1635,635,5
4668,0,0,1635,30,5
4669,0,0,1635,655,5
4670,0,0,1635,2120,5
4671,0,0,1635,5052,5
4672,0,0,1635,1582,5
4673,0,0,1635,1935,5
4674,0,0,1635,4687,5
4675,0,0,1636,5177,5
4676,1,1,1636,507,5
4677,0,0,1638,2611,5
4678,0,0,1638,355,5
4679,0,0,1638,609,5
4680,1,0,1638,557,5
4681,0,0,1638,4651,5
4682,0,0,1638,4477,5
4683,0,0,1638,3522,5
4684,0,0,1638,5769,5
4685,0,0,1638,1364,5
4686,0,0,1638,2018,5
4687,0,0,1639,4220,5
4688,0,0,1640,5322,5
4689,0,0,1640,2731,5
4690,0,0,1640,528,5
4691,0,0,1640,4986,5
4692,0,0,1642,4370,5
4693,0,0,1643,1692,5
4694,0,0,1645,4275,5
4695,0,0,1645,296,5
4696,0,0,1645,3475,5
4697,0,0,1645,2852,5
4698,0,0,1645,5505,5
4699,0,0,1645,5188,5
4700,0,0,1645,4997,5
4701,0,0,1645,5891,5
4702,0,0,1645,3795,5
4703,0,0,1645,4182,5
4704,0,0,1648,3791,5
4705,1,1,1648,1380,5
4706,0,0,1649,2483,5
4707,0,0,1649,4303,5
4708,0,0,1649,3101,5
4709,0,0,1649,2060,5
4710,0,0,1649,3582,5
4711,0,0,1649,3673,5
4712,0,0,1649,4963,5
4713,0,0,1650,4122,5
4714,0,0,1650,385,5
4715,0,0,1650,2058,5
4716,0,0,1650,1968,5
4717,0,0,1650,4533,5
4718,0,0,1650,4497,5
4719,0,0,1650,6005,5
4720,0,0,1650,2333,5
4721,0,0,1650,3184,5
4722,0,0,1654,1380,5
4723,0,0,1655,4010,5
4724,1,1,1655,3965,5
4725,0,0,1655,5694,5
4726,0,1,1659,1710,5
4727,0,0,1660,5537,5
4728,0,0,1660,1814,5
4729,0,0,1660,441,5
4730,0,0,1660,2039,5
4731,0,0,1661,1917,5
4732,0,1,1661,1253,5
4733,1,1,1662,45,5
4734,0,0,1664,2700,5
4735,0,0,1664,421,5
4736,0,0,1664,1450,5
4737,1,1,1664,497,5
4738,0,0,1664,4423,5
4739,0,0,1664,4142,5
4740,0,0,1664,4604,5
4741,0,0,1664,1486,5
4742,0,0,1664,1927,5
4743,0,0,1665,3318,5
4744,0,1,1665,458,5
4745,0,0,1665,1341,5
4746,0,0,1665,1250,5
4747,0,0,1665,5008,5
4748,0,0,1665,4760,5
4749,0,0,1665,3719,5
4750,0,0,1665,5282,5
4751,0,0,1665,1638,5
4752,0,0,1665,3097,5
4753,1,0,1666,908,5
4754,0,0,1666,172,5
4755,0,1,1668,2867,5
4756,0,0,1668,984,5
4757,0,0,1668,1886,5
4758,0,0,1668,1504,5
4759,0,0,1668,4817,5
4760,0,0,1668,4143,5
4761,0,0,1668,3340,5
4762,0,0,1668,4903,5
4763,0,0,1668,2180,5
4764,0,0,1668,2652,5
4765,0,0,1670,1374,5
4766,0,0,1671,321,5
4767,0,0,1671,124,5
4768,0,0,1671,4051,5
4769,0,0,1673,891,5
4770,0,1,1675,1580,5
4771,0,0,1676,433,5
4772,0,0,1676,178,5
4773,0,1,1676,630,5
4774,1,1,1677,1687,5
4775,0,0,1680,3783,5
4776,0,0,1680,1297,5
4777,0,0,1680,5041,5
4778,0,0,1681,1455,5
4779,0,0,1681,1282,5
4780,0,0,1681,2852,5
4781,1,1,1681,4002,5
4782,0,0,1681,4963,5
4783,0,0,1681,3160,5
4784,0,0,1681,3475,5
4785,0,0,1681,4275,5
4786,0,0,1682,185,5
4787,1,1,1683,370,5
4788,0,0,1685,2572,5
4789,0,0,1685,1283,5
4790,0,0,1685,5489,5
4791,0,0,1686,4895,5
4792,0,0,1686,3708,5
4793,1,1,1687,5939,5
4794,0,0,1687,4552,5
4795,0,0,1688,5869,5
4796,0,0,1688,5503,5
4797,0,0,1688,1100,5
4798,0,0,1688,5553,5
4799,0,0,1690,2954,5
4800,1,1,1690,1398,5
4801,0,0,1690,185,5
4802,0,0,1690,4880,5
4803,0,0,1690,5584,5
4804,0,0,1693,1736,5
4805,0,1,1693,783,5
4806,0,0,1693,302,5
4807,0,0,1693,1502,5
4808,0,0,1694,884,5
4809,0,0,1694,26,5
4810,0,0,1694,1896,5
4811,0,0,1694,4064,5
4812,0,0,1694,4685,5
4813,0,0,1694,2174,5
4814,1,0,1694,3140,5
4815,0,0,1694,4560,5
4816,0,0,1696,3743,5
4817,0,0,1696,1042,5
4818,0,0,1696,2241,5
4819,0,0,1696,1964,5
4820,0,0,1696,4914,5
4821,0,0,1696,4030,5
4822,0,0,1696,3793,5
4823,0,0,1696,4971,5
4824,0,0,1696,2565,5
4825,0,0,1696,3474,5
4826,0,0,1698,2564,5
4827,1,0,1698,698,5
4828,0,0,1699,4524,5
4829,1,1,1699,3507,5
4830,0,1,1701,4843,5
4831,0,0,1701,4559,5
4832,0,0,1704,681,5
4833,0,1,1704,327,5
4834,0,0,1704,4233,5
4835,0,0,1705,4733,5
4836,0,0,1705,1279,5
4837,0,0,1705,2582,5
4838,0,0,1705,1646,5
4839,0,0,1705,5461,5
4840,0,0,1705,4759,5
4841,0,0,1705,5920,5
4842,0,0,1705,3132,5
4843,0,0,1705,3587,5
4844,0,0,1707,4920,5
4845,0,0,1707,352,5
4846,0,0,1708,1712,5
4847,0,0,1708,679,5
4848,0,0,1708,1255,5
4849,0,0,1708,1151,5
4850,0,0,1708,3284,5
4851,0,0,1708,2779,5
4852,0,0,1708,2313,5
4853,0,0,1708,4159,5
4854,0,0,1708,1446,5
4855,0,0,1708,1597,5
4856,0,0,1709,4763,5
4857,0,0,1709,173,5
4858,0,0,1709,3357,5
4859,0,0,1709,2718,5
4860,0,0,1709,5019,5
4861,0,0,1709,4911,5
4862,0,0,1709,4781,5
4863,0,0,1709,5151,5
4864,0,0,1709,3461,5
4865,0,0,1709,3839,5
4866,0,0,1710,2571,5
4867,1,1,1710,1656,5
4868,0,0,1712,3775,5
4869,0,0,1713,3470,5
4870,0,0,1713,3087,5
4871,0,0,1714,3356,5
4872,1,1,1714,27,5
4873,0,0,1715,3978,5
4874,0,0,1715,254,5
4875,0,0,1715,3324,5
4876,0,0,1715,2425,5
4877,0,0,1715,4227,5
4878,0,0,1715,4043,5
4879,0,0,1715,5538,5
4880,0,0,1715,3651,5
4881,0,0,1715,3864,5
4882,0,0,1717,1509,5
4883,0,0,1717,4448,5
4884,0,0,1717,1544,5
4885,0,0,1717,112,5
4886,0,0,1717,3528,5
4887,0,0,1717,4353,5
4888,0,0,1717,5266,5
4889,0,0,1718,3114,5
4890,0,0,1718,2863,5
4891,0,0,1718,1863,5
4892,0,0,1718,3204,5
4893,0,0,1718,5825,5
4894,1,1,1719,1720,5
4895,1,1,1720,5297,5
4896,0,0,1721,2450,5
4897,0,0,1721,4992,5
4898,0,0,1721,2521,5
4899,0,0,1721,504,5
4900,0,0,1721,2775,5
4901,0,1,1721,4575,5
4902,0,0,1721,5044,5
4903,1,1,1722,5141,5
4904,0,0,1722,2121,5
4905,0,0,1724,5312,5
4906,1,1,1724,635,5
4907,0,0,1725,3886,5
4908,1,1,1725,3696,5
4909,0,0,1726,1092,5
4910,0,0,1728,2000,5
4911,0,0,1728,521,5
4912,0,0,1728,238,5
4913,0,0,1728,1659,5
4914,0,0,1729,3548,5
4915,0,0,1729,1662,5
4916,0,0,1729,834,5
4917,0,0,1729,2009,5
4918,0,0,1730,3221,5
4919,0,1,1730,2974,5
4920,0,0,1730,4424,5
4921,1,1,1731,5050,5
4922,0,1,1732,4515,5
4923,0,0,1733,3389,5
4924,0,0,1733,842,5
4925,0,0,1733,2289,5
4926,0,0,1733,1130,5
4927,0,0,1733,4398,5
4928,0,0,1733,3845,5
4929,0,0,1733,3815,5
4930,0,0,1733,5564,5
4931,0,0,1733,2863,5
4932,0,0,1733,2983,5
4933,0,0,1734,4320,5
4934,0,1,1734,2053,5
4935,0,0,1734,4565,5
4936,0,0,1735,4657,5
4937,0,1,1735,4148,5
4938,0,1,1736,5604,5
4939,1,1,1737,5530,5
4940,1,1,1740,3978,5
4941,0,0,1741,3716,5
4942,0,0,1741,174,5
4943,0,0,1741,1494,5
4944,0,0,1741,412,5
4945,0,0,1741,5266,5
4946,0,0,1741,4722,5
4947,0,0,1741,4438,5
4948,0,0,1741,5474,5
4949,0,0,1741,2707,5
4950,0,0,1741,3550,5
4951,0,0,1743,4292,5
4952,0,0,1746,426,5
4953,1,1,1746,101,5
4954,0,0,1746,466,5
4955,0,0,1746,4076,5
4956,0,0,1746,5643,5
4957,0,0,1746,672,5
4958,0,0,1746,1713,5
4959,0,0,1746,5205,5
4960,0,1,1747,5117,5
4961,0,0,1747,2737,5
4962,0,0,1747,260,5
4963,0,0,1747,3947,5
4964,0,0,1748,5559,5
4965,0,0,1749,5852,5
4966,0,0,1750,1788,5
4967,1,1,1750,1158,5
4968,0,0,1750,6052,5
4969,0,0,1751,4184,5
4970,0,0,1751,1040,5
4971,0,0,1752,2561,5
4972,0,0,1752,83,5
4973,0,0,1752,1377,5
4974,0,0,1752,133,5
4975,0,0,1752,5375,5
4976,0,0,1752,3372,5
4977,0,0,1752,5561,5
4978,0,0,1752,2099,5
4979,0,0,1752,2154,5
4980,0,0,1755,1095,5
4981,0,0,1755,4969,5
4982,0,0,1755,2160,5
4983,0,0,1755,590,5
4984,0,0,1755,2729,5
4985,0,0,1755,3551,5
4986,0,0,1755,4994,5
4987,0,0,1756,599,5
4988,0,0,1756,5433,5
4989,0,0,1756,1318,5
4990,1,0,1756,132,5
4991,0,0,1756,1363,5
4992,0,0,1756,4999,5
4993,0,0,1756,5479,5
4994,1,0,1757,809,5
4995,0,0,1759,5021,5
4996,0,0,1759,292,5
4997,0,0,1759,3232,5
4998,0,0,1759,1677,5
4999,0,0,1759,5573,5
5000,0,0,1759,5326,5
5001,0,0,1759,5604,5
5002,0,0,1759,3447,5
5003,0,0,1759,3620,5
5004,0,0,1760,46,5
5005,0,0,1762,1464,5
5006,1,1,1762,625,5
5007,0,0,1763,4093,5
5008,0,0,1763,505,5
5009,0,0,1763,1114,5
5010,0,0,1763,582,5
5011,0,0,1763,4770,5
5012,0,0,1763,4694,5
5013,0,0,1763,4102,5
5014,0,0,1763,5296,5
5015,0,0,1763,1183,5
5016,0,0,1763,2991,5
5017,0,1,1766,3910,5
5018,0,0,1766,2047,5
5019,0,0,1769,3791,5
5020,0,0,1770,3013,5
5021,0,0,1770,246,5
5022,0,0,1770,4473,5
5023,0,0,1771,5799,5
5024,0,0,1771,4972,5
5025,0,0,1773,4646,5
5026,0,0,1773,1818,5
5027,0,0,1773,1493,5
5028,1,1,1773,3418,5
5029,0,0,1774,4469,5
5030,0,0,1775,639,5
5031,0,1,1776,6035,5
5032,0,0,1778,3294,5
5033,0,0,1779,1359,5
5034,1,1,1779,888,5
5035,0,0,1780,2875,5
5036,0,0,1780,61,5
5037,0,1,1780,3119,5
5038,0,0,1782,4409,5
5039,0,0,1782,562,5
5040,0,0,1782,2851,5
5041,0,0,1782,1473,5
5042,0,0,1782,5123,5
5043,0,0,1782,4732,5
5044,0,0,1782,5415,5
5045,0,0,1782,3508,5
5046,0,0,1782,4223,5
5047,0,0,1783,1555,5
5048,0,0,1783,1386,5
5049,0,0,1783,529,5
5050,0,1,1783,1925,5
5051,0,0,1783,2645,5
5052,0,0,1784,1260,5
5053,0,0,1784,142,5
5054,1,0,1784,645,5
5055,0,0,1784,157,5
5056,0,0,1784,2411,5
5057,0,0,1784,1675,5
5058,0,0,1784,5620,5
5059,0,0,1784,882,5
5060,0,0,1784,1136,5
5061,0,0,1785,1133,5
5062,0,0,1785,1132,5
5063,0,0,1785,1743,5
5064,0,0,1785,3470,5
5065,0,0,1785,5052,5
5066,0,0,1785,1822,5
5067,0,0,1785,2743,5
5068,0,0,1785,3876,5
5069,0,0,1786,5588,5
5070,1,1,1786,1563,5
5071,0,0,1786,199,5
5072,0,0,1786,2167,5
5073,0,0,1788,991,5
5074,1,1,1788,680,5
5075,0,0,1788,3108,5
5076,0,1,1789,3775,5
5077,0,0,1789,3334,5
5078,1,1,1790,5396,5
5079,0,0,1790,612,5
5080,0,0,1792,5403,5
5081,0,0,1792,1683,5
5082,0,0,1792,24,5
5083,0,0,1792,2667,5
5084,0,0,1794,4658,5
5085,1,1,1796,1018,5
5086,1,1,1797,1874,5
5087,0,0,1799,3713,5
5088,0,0,1799,840,5
5089,0,0,1799,1999,5
5090,0,0,1799,1179,5
5091,0,0,1799,4840,5
5092,0,0,1799,4478,5
5093,0,0,1799,5066,5
5094,0,0,1799,2637,5
5095,0,0,1799,2854,5
5096,0,0,1802,4098,5
5097,0,0,1802,710,5
5098,0,0,1803,3791,5
5099,0,0,1803,367,5
5100,0,0,1803,973,5
5101,0,0,1803,926,5
5102,0,0,1803,4514,5
5103,0,0,1803,4438,5
5104,0,0,1803,4054,5
5105,0,0,1803,4721,5
5106,0,0,1803,1380,5
5107,0,0,1803,1997,5
5108,0,0,1804,3436,5
5109,1,1,1804,2387,5
5110,0,0,1804,4634,5
5111,1,1,1805,3387,5
5112,0,0,1805,3271,5
5113,0,0,1805,4226,5
5114,1,1,1806,2839,5
5115,1,1,1807,4975,5
5116,0,0,1807,2745,5
5117,0,0,1809,1344,5
5118,1,1,1809,651,5
5119,1,1,1810,2843,5
5120,0,0,1810,1257,5
5121,0,0,1810,4342,5
5122,0,0,1811,3385,5
5123,0,0,1811,2318,5
5124,0,0,1811,5832,5
5125,0,0,1813,4119,5
5126,0,0,1813,339,5
5127,0,0,1813,1161,5
5128,0,0,1813,820,5
5129,0,0,1813,5404,5
5130,0,0,1813,5109,5
5131,0,0,1813,5965,5
5132,0,0,1813,1757,5
5133,0,0,1813,3225,5
5134,0,1,1814,5777,5
5135,0,0,1815,5216,5
5136,1,1,1815,4122,5
5137,1,1,1816,2973,5
5138,0,0,1817,5861,5
5139,0,0,1817,537,5
5140,0,0,1818,1189,5
5141,0,0,1818,5684,5
5142,0,0,1818,2137,5
5143,1,1,1818,940,5
5144,0,0,1818,2763,5
5145,0,0,1818,3864,5
5146,0,0,1819,4527,5
5147,0,0,1819,1742,5
5148,0,0,1819,2978,5
5149,0,0,1819,2544,5
5150,1,1,1819,5059,5
5151,0,0,1819,4875,5
5152,0,0,1819,4621,5
5153,0,0,1819,6021,5
5154,0,0,1819,4002,5
5155,0,0,1819,4275,5
5156,0,0,1821,4622,5
5157,0,0,1821,1491,5
5158,1,0,1823,2201,5
5159,0,0,1826,5658,5
5160,0,1,1826,456,5
5161,0,0,1828,3775,5
5162,0,0,1829,4955,5
5163,0,0,1832,2998,5
5164,0,0,1832,1153,5
5165,0,0,1832,1641,5
5166,0,0,1832,1473,5
5167,0,0,1832,4601,5
5168,0,0,1832,3501,5
5169,0,0,1832,3086,5
5170,0,0,1832,5360,5
5171,0,0,1832,2445,5
5172,0,0,1832,2995,5
5173,0,0,1833,3321,5
5174,0,0,1833,5113,5
5175,0,0,1833,3931,5
5176,1,1,1833,3265,5
5177,0,0,1833,3975,5
5178,0,0,1833,5108,5
5179,0,0,1833,5867,5
5180,0,1,1835,5163,5
5181,0,0,1835,96,5
5182,0,0,1836,1625,5
5183,0,0,1836,273,5
5184,0,0,1836,1327,5
5185,0,0,1836,664,5
5186,0,0,1836,5077,5
5187,0,0,1836,3103,5
5188,0,0,1836,5724,5
5189,1,1,1836,1487,5
5190,0,0,1836,1556,5
5191,1,1,1837,2650,5
5192,0,0,1837,995,5
5193,0,0,1837,5959,5
5194,0,0,1838,3535,5
5195,0,0,1838,208,5
5196,0,0,1838,1102,5
5197,0,0,1838,452,5
5198,0,0,1838,4998,5
5199,0,0,1838,4769,5
5200,0,0,1838,3545,5
5201,0,0,1838,5095,5
5202,0,0,1838,1373,5
5203,0,0,1838,2312,5
5204,0,0,1840,4394,5
5205,0,0,1840,745,5
5206,0,0,1840,2368,5
5207,0,0,1840,1352,5
5208,0,0,1840,5632,5
5209,0,0,1840,5454,5
5210,0,0,1840,5911,5
5211,0,0,1840,2942,5
5212,0,0,1840,3771,5
5213,0,0,1842,3434,5
5214,0,0,1842,405,5
5215,0,0,1842,790,5
5216,0,0,1842,708,5
5217,0,0,1842,4274,5
5218,0,0,1842,4211,5
5219,0,0,1842,3902,5
5220,0,0,1842,5264,5
5221,0,0,1842,1772,5
5222,0,0,1842,2640,5
5223,1,0,1843,5701,5
5224,0,0,1844,4424,5
5225,1,0,1844,3221,5
5226,1,1,1846,5201,5
5227,0,0,1846,1191,5
5228,0,0,1846,6043,5
5229,1,1,1847,5253,5
5230,0,0,1847,3997,5
5231,0,0,1847,1631,5
5232,0,0,1847,4740,5
5233,0,0,1848,1220,5
5234,1,1,1848,134,5
5235,0,0,1848,2873,5
5236,1,1,1849,3297,5
5237,0,0,1851,5403,5
5238,0,0,1853,1133,5
5239,0,0,1853,707,5
5240,0,0,1853,1562,5
5241,0,0,1853,4813,5
5242,0,0,1853,5344,5
5243,0,0,1853,4160,5
5244,1,1,1853,4425,5
5245,0,0,1853,5153,5
5246,0,0,1855,4818,5
5247,0,0,1856,4955,5
5248,0,0,1856,2676,5
5249,1,1,1856,1321,5
5250,0,0,1856,5780,5
5251,0,0,1856,5796,5
5252,0,0,1857,2055,5
5253,0,0,1857,5689,5
5254,0,0,1857,3559,5
5255,0,0,1857,1497,5
5256,0,0,1857,4801,5
5257,0,0,1857,5112,5
5258,0,0,1857,6012,5
5259,0,0,1858,2925,5
5260,0,0,1858,1461,5
5261,0,0,1858,930,5
5262,0,0,1858,3228,5
5263,0,0,1858,4610,5
5264,0,0,1859,4500,5
5265,0,0,1859,736,5
5266,0,0,1860,4209,5
5267,1,1,1860,2203,5
5268,0,0,1860,1753,5
5269,0,0,1860,3271,5
5270,0,0,1861,5227,5
5271,0,1,1861,3491,5
5272,0,0,1862,2012,5
5273,0,0,1862,4079,5
5274,0,0,1862,2449,5
5275,0,0,1862,1377,5
5276,0,0,1862,2973,5
5277,0,0,1862,3960,5
5278,0,0,1863,2721,5
5279,0,0,1865,380,5
5280,0,1,1865,215,5
5281,0,0,1865,115,5
5282,0,0,1865,1785,5
5283,0,0,1865,2227,5
5284,0,0,1866,3855,5
5285,0,0,1866,1484,5
5286,0,0,1866,2212,5
5287,0,0,1866,2068,5
5288,1,0,1866,5271,5
5289,0,0,1866,4447,5
5290,0,0,1866,3898,5
5291,0,0,1866,5440,5
5292,0,0,1866,3199,5
5293,0,0,1866,3330,5
5294,0,0,1867,3943,5
5295,0,0,1867,90,5
5296,0,0,1867,2585,5
5297,0,0,1867,2318,5
5298,0,0,1867,5896,5
5299,0,0,1867,5578,5
5300,0,0,1867,4913,5
5301,0,0,1867,5948,5
5302,0,0,1867,3693,5
5303,1,1,1867,3756,5
5304,0,0,1868,5167,5
5305,0,0,1868,809,5
5306,0,0,1868,1601,5
5307,0,0,1868,1551,5
5308,0,0,1868,5464,5
5309,1,0,1868,5380,5
5310,0,0,1868,5278,5
5311,0,0,1868,5945,5
5312,0,0,1868,4985,5
5313,0,0,1868,5149,5
5314,0,0,1869,511,5
5315,0,0,1869,462,5
5316,0,0,1869,632,5
5317,0,0,1869,2542,5
5318,0,0,1869,5956,5
5319,0,0,1869,1493,5
5320,0,0,1869,1828,5
5321,0,0,1869,4221,5
5322,0,0,1870,1356,5
5323,0,0,1870,1018,5
5324,0,0,1870,1396,5
5325,0,0,1870,3303,5
5326,0,0,1870,4972,5
5327,0,0,1870,1727,5
5328,0,0,1870,2915,5
5329,0,0,1870,3622,5
5330,0,0,1871,485,5
5331,0,0,1875,935,5
5332,0,0,1875,5323,5
5333,0,0,1875,1110,5
5334,0,0,1875,541,5
5335,0,0,1875,1968,5
5336,0,0,1875,5243,5
5337,1,1,1876,3799,5
5338,1,0,1877,5510,5
5339,1,0,1878,3023,5
5340,0,0,1879,5983,5
5341,0,0,1879,2182,5
5342,0,0,1879,1061,5
5343,0,0,1879,5829,5
5344,0,0,1882,6044,5
5345,0,0,1882,2093,5
5346,0,0,1882,1263,5
5347,0,1,1882,2940,5
5348,0,0,1883,472,5
5349,0,0,1883,347,5
5350,0,0,1883,102,5
5351,0,0,1883,3198,5
5352,0,0,1883,5675,5
5353,1,1,1884,2993,5
5354,0,0,1884,1172,5
5355,0,0,1885,1107,5
5356,0,0,1886,4352,5
5357,0,0,1886,981,5
5358,0,0,1886,137,5
5359,0,0,1886,2483,5
5360,0,0,1887,245,5
5361,0,0,1887,5954,5
5362,0,0,1887,3500,5
5363,0,0,1887,47,5
5364,0,0,1887,4031,5
5365,0,0,1887,5730,5
5366,0,1,1887,5971,5
5367,0,0,1888,3204,5
5368,0,0,1888,336,5
5369,1,1,1888,1702,5
5370,0,0,1888,1120,5
5371,0,0,1888,4274,5
5372,0,0,1888,3600,5
5373,0,0,1888,5536,5
5374,0,0,1888,2129,5
5375,0,0,1888,3042,5
5376,0,1,1891,83,5
5377,0,0,1893,2789,5
5378,0,0,1893,882,5
5379,0,0,1893,2157,5
5380,0,0,1893,1675,5
5381,0,0,1893,4544,5
5382,0,0,1893,4362,5
5383,0,0,1893,3700,5
5384,0,0,1893,4887,5
5385,0,0,1893,2218,5
5386,1,0,1893,2479,5
5387,0,1,1895,5279,5
5388,0,0,1895,4753,5
5389,1,1,1896,3844,5
5390,1,1,1898,1638,5
5391,0,0,1898,3982,5
5392,0,0,1898,2521,5
5393,0,0,1898,204,5
5394,0,0,1898,3097,5
5395,0,0,1898,3536,5
5396,1,1,1899,1517,5
5397,0,0,1900,694,5
5398,0,0,1900,287,5
5399,0,0,1900,1096,5
5400,0,0,1900,3888,5
5401,0,0,1900,5996,5
5402,0,0,1900,1627,5
5403,0,0,1900,2886,5
5404,0,0,1900,5709,5
5405,0,0,1903,4228,5
5406,0,0,1903,249,5
5407,0,0,1903,842,5
5408,0,0,1903,339,5
5409,0,0,1903,4875,5
5410,0,0,1903,4658,5
5411,0,0,1903,4528,5
5412,0,0,1903,5474,5
5413,0,0,1903,1533,5
5414,0,0,1903,1914,5
5415,0,0,1905,1946,5
5416,0,0,1905,1900,5
5417,0,0,1905,528,5
5418,0,0,1905,4500,5
5419,1,1,1905,5068,5
5420,0,0,1908,4220,5
5421,1,1,1909,317,5
5422,1,1,1910,3989,5
5423,0,0,1910,3609,5
5424,0,0,1911,2727,5
5425,0,0,1911,154,5
5426,0,0,1911,312,5
5427,0,0,1911,161,5
5428,0,0,1911,5162,5
5429,0,0,1911,4946,5
5430,0,0,1911,2774,5
5431,0,0,1911,5218,5
5432,0,0,1911,1434,5
5433,0,0,1911,2263,5
5434,0,1,1914,5496,5
5435,0,0,1914,1259,5
5436,0,0,1915,467,5
5437,0,0,1915,12,5
5438,0,0,1915,849,5
5439,0,0,1915,1922,5
5440,0,0,1915,2781,5
5441,0,0,1915,1184,5
5442,0,0,1915,1517,5
5443,0,0,1915,2710,5
5444,0,0,1916,2769,5
5445,0,0,1916,44,5
5446,0,0,1916,1390,5
5447,0,0,1916,252,5
5448,0,0,1916,5899,5
5449,0,0,1916,4050,5
5450,0,0,1916,3689,5
5451,0,0,1916,5918,5
5452,0,0,1916,2190,5
5453,0,0,1916,2224,5
5454,0,0,1917,2422,5
5455,0,0,1917,120,5
5456,0,0,1917,1730,5
5457,0,0,1917,1113,5
5458,0,0,1917,4640,5
5459,0,0,1917,4421,5
5460,0,0,1917,3818,5
5461,0,0,1917,5000,5
5462,0,0,1917,1795,5
5463,0,0,1917,2134,5
5464,0,0,1918,3799,5
5465,0,0,1918,471,5
5466,0,0,1919,3688,5
5467,0,0,1920,413,5
5468,0,0,1920,4512,5
5469,0,0,1920,1099,5
5470,0,0,1920,222,5
5471,0,0,1920,2300,5
5472,0,0,1920,3897,5
5473,0,0,1920,5863,5
5474,0,1,1921,1519,5
5475,0,0,1922,1532,5
5476,0,0,1922,451,5
5477,0,0,1922,382,5
5478,0,0,1922,2965,5
5479,0,0,1922,5502,5
5480,1,1,1925,5286,5
5481,0,0,1925,1000,5
5482,0,0,1926,3778,5
5483,0,0,1926,1153,5
5484,0,0,1926,4757,5
5485,0,0,1928,3456,5
5486,0,0,1928,1785,5
5487,1,1,1928,3915,5
5488,0,1,1929,3980,5
5489,0,0,1929,2407,5
5490,0,0,1929,1447,5
5491,0,0,1929,3251,5
5492,1,1,1931,4884,5
5493,0,0,1932,2055,5
5494,0,0,1932,276,5
5495,0,0,1933,5616,5
5496,0,0,1933,3063,5
5497,0,1,1933,5847,5
5498,0,0,1934,1760,5
5499,0,0,1936,2324,5
5500,1,1,1936,386,5
5501,0,0,1936,3605,5
5502,0,1,1937,2884,5
5503,0,0,1937,1038,5
5504,0,0,1937,1469,5
5505,0,0,1937,1412,5
5506,0,0,1937,3957,5
5507,0,0,1937,3305,5
5508,0,0,1937,3260,5
5509,0,0,1937,5142,5
5510,0,0,1937,2691,5
5511,0,0,1937,2716,5
5512,0,0,1941,1030,5
5513,0,0,1941,4855,5
5514,0,0,1941,2520,5
5515,0,0,1941,359,5
5516,0,0,1941,3266,5
5517,0,0,1941,4669,5
5518,0,0,1942,5148,5
5519,1,1,1942,282,5
5520,0,0,1943,3580,5
5521,0,0,1943,2934,5
5522,0,0,1944,2511,5
5523,0,0,1944,597,5
5524,0,0,1944,1524,5
5525,0,0,1944,1358,5
5526,0,0,1944,4181,5
5527,0,0,1944,3976,5
5528,0,0,1944,2911,5
5529,0,0,1944,6048,5
5530,0,0,1944,1873,5
5531,0,0,1944,2327,5
5532,0,0,1945,3388,5
5533,0,0,1945,974,5
5534,0,0,1945,1256,5
5535,0,0,1945,1180,5
5536,0,0,1945,4311,5
5537,0,0,1945,3462,5
5538,0,0,1945,5141,5
5539,1,1,1945,1984,5
5540,0,0,1945,2381,5
5541,0,0,1947,4476,5
5542,0,0,1947,3355,5
5543,0,0,1947,2986,5
5544,0,0,1947,3368,5
5545,0,0,1948,1169,5
5546,1,0,1949,4454,5
5547,0,0,1950,1558,5
5548,0,0,1950,5337,5
5549,0,0,1950,2313,5
5550,0,0,1950,1494,5
5551,0,0,1950,4413,5
5552,0,0,1950,5096,5
5553,0,0,1950,5390,5
5554,0,0,1951,5735,5
5555,0,0,1951,4928,5
5556,0,0,1951,1998,5
5557,0,0,1951,5277,5
5558,1,0,1953,2273,5
5559,0,0,1954,3163,5
5560,0,0,1954,832,5
5561,0,0,1954,1492,5
5562,0,0,1954,1147,5
5563,0,0,1954,5266,5
5564,0,0,1954,4992,5
5565,0,0,1954,5446,5
5566,0,0,1954,2129,5
5567,0,0,1954,2624,5
5568,0,0,1955,3053,5
5569,0,0,1955,567,5
5570,0,0,1955,1396,5
5571,0,0,1955,1356,5
5572,0,0,1955,4700,5
5573,0,0,1955,3799,5
5574,0,0,1955,4972,5
5575,0,0,1955,1912,5
5576,0,0,1955,1951,5
5577,0,0,1956,5162,5
5578,0,0,1956,3336,5
5579,0,0,1956,1391,5
5580,0,0,1956,3537,5
5581,0,0,1957,3228,5
5582,0,0,1961,4283,5
5583,0,0,1961,656,5
5584,0,0,1962,1515,5
5585,0,0,1962,1100,5
5586,0,1,1962,6018,5
5587,0,0,1963,2407,5
5588,0,0,1963,4334,5
5589,0,0,1963,2730,5
5590,0,0,1963,1232,5
5591,0,0,1963,3038,5
5592,0,0,1963,3980,5
5593,0,0,1963,5602,5
5594,0,0,1964,5139,5
5595,1,1,1964,794,5
5596,0,0,1964,412,5
5597,0,0,1964,1962,5
5598,0,0,1968,2623,5
5599,0,0,1968,210,5
5600,0,0,1968,780,5
5601,0,0,1968,267,5
5602,0,0,1968,4039,5
5603,0,0,1968,3842,5
5604,0,0,1968,2629,5
5605,0,0,1968,5075,5
5606,0,0,1968,1408,5
5607,0,0,1968,1768,5
5608,0,0,1969,4122,5
5609,0,0,1969,2289,5
5610,0,0,1969,842,5
5611,1,1,1969,3273,5
5612,1,1,1970,342,5
5613,1,1,1971,5670,5
5614,0,0,1972,3682,5
5615,0,0,1973,3926,5
5616,0,0,1973,1031,5
5617,0,0,1973,1856,5
5618,0,0,1973,1546,5
5619,0,0,1973,4691,5
5620,0,0,1973,4682,5
5621,0,0,1973,4346,5
5622,0,0,1973,5739,5
5623,0,0,1973,1996,5
5624,0,0,1973,2708,5
5625,1,1,1974,5830,5
5626,0,0,1974,2318,5
5627,0,0,1975,441,5
5628,0,0,1975,363,5
5629,0,0,1975,5329,5
5630,0,0,1976,5284,5
5631,0,0,1976,4063,5
5632,0,1,1978,2585,5
5633,0,0,1979,964,5
5634,0,0,1981,1903,5
5635,0,0,1982,3343,5
5636,0,0,1982,440,5
5637,0,0,1982,773,5
5638,0,0,1982,642,5
5639,0,0,1982,5642,5
5640,0,0,1982,5447,5
5641,0,0,1982,3821,5
5642,0,0,1982,5886,5
5643,0,0,1982,1659,5
5644,0,0,1982,2487,5
5645,0,0,1983,1073,5
5646,0,0,1984,628,5
5647,0,1,1985,5585,5
5648,0,0,1986,1285,5
5649,0,0,1986,925,5
5650,0,0,1986,1367,5
5651,0,0,1986,3810,5
5652,0,0,1986,5479,5
5653,0,0,1986,3073,5
5654,0,0,1986,3382,5
5655,1,0,1986,4988,5
5656,0,0,1987,2664,5
5657,0,0,1987,1288,5
5658,0,0,1987,319,5
5659,0,0,1987,3251,5
5660,0,0,1987,4109,5
5661,0,0,1988,5326,5
5662,0,0,1988,3383,5
5663,0,0,1988,5380,5
5664,0,0,1989,2201,5
5665,0,0,1989,400,5
5666,0,0,1989,930,5
5667,0,0,1989,500,5
5668,0,0,1989,4497,5
5669,0,0,1989,3415,5
5670,0,0,1989,3181,5
5671,0,0,1989,5265,5
5672,0,0,1989,1312,5
5673,0,0,1989,1383,5
5674,1,1,1991,4722,5
5675,0,0,1993,3822,5
5676,0,0,1993,1878,5
5677,0,0,1993,1389,5
5678,0,0,1993,4633,5
5679,0,0,1993,5551,5
5680,1,0,2000,5223,5
5681,1,1,2003,4217,5
5682,0,0,2003,3688,5
5683,0,0,2004,2384,5
5684,0,0,2004,5139,5
5685,0,0,2004,2727,5
5686,0,0,2004,2263,5
5687,0,0,2004,4346,5
5688,0,0,2004,4991,5
5689,0,0,2005,1925,5
5690,0,0,2005,529,5
5691,0,0,2005,1386,5
5692,0,0,2005,629,5
5693,0,0,2005,5045,5
5694,0,0,2005,4126,5
5695,0,0,2005,2438,5
5696,0,0,2005,5456,5
5697,0,0,2005,1555,5
5698,0,0,2005,1591,5
5699,1,1,2006,1302,5
5700,0,0,2007,5382,5
5701,1,1,2007,4437,5
5702,0,0,2011,3334,5
5703,0,0,2013,5689,5
5704,0,0,2013,95,5
5705,1,1,2013,51,5
5706,0,0,2013,2614,5
5707,0,0,2015,4605,5
5708,0,0,2015,173,5
5709,0,0,2015,2669,5
5710,0,0,2015,1404,5
5711,1,0,2015,5154,5
5712,0,0,2015,4617,5
5713,0,0,2015,5945,5
5714,0,0,2015,3911,5
5715,0,0,2015,4452,5
5716,0,0,2016,852,5
5717,0,1,2016,605,5
5718,0,0,2016,5393,5
5719,0,0,2017,2269,5
5720,0,0,2017,1168,5
5721,0,0,2017,498,5
5722,0,0,2017,4095,5
5723,0,0,2017,4591,5
5724,0,0,2018,3110,5
5725,0,0,2018,275,5
5726,0,0,2018,617,5
5727,0,0,2018,333,5
5728,0,0,2018,3563,5
5729,0,0,2018,3336,5
5730,0,0,2018,3253,5
5731,0,0,2018,4992,5
5732,0,0,2018,1702,5
5733,0,0,2018,2078,5
5734,1,1,2020,3034,5
5735,0,1,2021,801,5
5736,0,0,2023,5314,5
5737,1,1,2023,3542,5
5738,0,0,2023,1481,5
5739,0,0,2023,3759,5
5740,0,0,2024,5675,5
5741,0,0,2024,4051,5
5742,0,0,2024,3106,5
5743,0,0,2024,4087,5
5744,0,0,2025,5415,5
5745,0,0,2025,3413,5
5746,0,0,2026,2809,5
5747,0,0,2028,4480,5
5748,0,0,2028,494,5
5749,0,0,2028,730,5
5750,0,0,2028,707,5
5751,0,0,2028,5735,5
5752,0,0,2028,5344,5
5753,0,0,2028,4763,5
5754,0,0,2028,6034,5
5755,0,0,2028,1551,5
5756,0,0,2028,3297,5
5757,0,0,2029,995,5
5758,0,0,2029,4727,5
5759,0,0,2029,1917,5
5760,1,1,2029,571,5
5761,0,0,2029,3341,5
5762,0,0,2029,3895,5
5763,0,0,2030,1285,5
5764,0,0,2030,132,5
5765,1,0,2030,925,5
5766,0,0,2030,377,5
5767,0,0,2030,3073,5
5768,0,0,2030,2577,5
5769,0,0,2030,1367,5
5770,0,0,2030,4474,5
5771,0,0,2030,966,5
5772,0,0,2030,1284,5
5773,0,0,2031,1863,5
5774,1,1,2031,588,5
5775,0,0,2031,1883,5
5776,0,0,2031,3575,5
5777,0,0,2031,5507,5
5778,0,0,2031,2670,5
5779,0,0,2031,3562,5
5780,0,0,2031,5221,5
5781,0,0,2033,5832,5
5782,0,0,2034,4855,5
5783,0,0,2034,2936,5
5784,0,0,2034,2520,5
5785,0,0,2034,4446,5
5786,0,1,2036,4509,5
5787,0,1,2038,2887,5
5788,0,0,2041,1477,5
5789,0,0,2041,5356,5
5790,0,0,2041,2101,5
5791,0,0,2041,481,5
5792,0,0,2041,4481,5
5793,0,0,2041,4617,5
5794,1,1,2043,646,5
5795,0,0,2044,5493,5
5796,0,0,2044,4341,5
5797,0,0,2044,3661,5
5798,0,0,2044,4355,5
5799,1,1,2045,1419,5
5800,0,0,2045,3841,5
5801,0,0,2045,2460,5
5802,0,0,2045,1060,5
5803,0,0,2045,2593,5
5804,0,0,2045,2775,5
5805,0,0,2045,5167,5
5806,0,0,2046,1970,5
5807,0,0,2046,485,5
5808,0,0,2046,2629,5
5809,0,0,2048,2705,5
5810,0,0,2048,2598,5
5811,0,0,2048,5196,5
5812,0,0,2049,756,5
5813,0,0,2049,4826,5
5814,0,0,2049,1814,5
5815,0,0,2049,40,5
5816,0,0,2049,2227,5
5817,0,0,2049,4098,5
5818,0,0,2049,5116,5
5819,0,0,2050,608,5
5820,0,0,2052,4965,5
5821,0,0,2052,3718,5
5822,0,0,2054,3238,5
5823,0,0,2057,2047,5
5824,0,0,2058,2664,5
5825,0,0,2058,2381,5
5826,0,0,2058,2759,5
5827,0,0,2058,4346,5
5828,0,0,2058,5326,5
5829,0,0,2058,2797,5
5830,0,0,2058,3940,5
5831,0,0,2058,5299,5
5832,0,0,2059,291,5
5833,0,1,2059,5780,5
5834,0,0,2059,791,5
5835,0,0,2059,271,5
5836,0,0,2059,2803,5
5837,0,0,2059,3658,5
5838,0,0,2060,1709,5
5839,0,0,2060,4312,5
5840,0,1,2060,2128,5
5841,0,0,2060,1403,5
5842,0,0,2060,2830,5
5843,0,0,2060,3577,5
5844,0,0,2061,3528,5
5845,0,0,2061,2515,5
5846,0,0,2061,4121,5
5847,0,0,2062,608,5
5848,0,0,2063,160,5
5849,0,0,2064,299,5
5850,1,1,2065,1262,5
5851,0,0,2066,5049,5
5852,0,0,2066,324,5
5853,0,0,2066,2869,5
5854,0,0,2066,1205,5
5855,0,0,2066,5610,5
5856,0,0,2066,5395,5
5857,0,0,2066,5099,5
5858,0,0,2066,5648,5
5859,0,0,2066,3811,5
5860,0,0,2066,4200,5
5861,0,0,2068,552,5
5862,1,1,2068,322,5
5863,0,0,2069,3164,5
5864,0,0,2069,434,5
5865,0,0,2069,1210,5
5866,0,0,2069,1051,5
5867,0,0,2069,5047,5
5868,0,0,2069,4604,5
5869,0,0,2069,4593,5
5870,0,0,2069,5906,5
5871,0,0,2069,1508,5
5872,0,0,2069,2430,5
5873,0,0,2070,1115,5
5874,0,0,2070,4001,5
5875,0,0,2070,1993,5
5876,0,0,2070,999,5
5877,0,0,2070,2044,5
5878,0,0,2070,2728,5
5879,0,0,2072,4806,5
5880,0,0,2073,4596,5
5881,0,0,2073,431,5
5882,0,0,2074,465,5
5883,0,0,2076,310,5
5884,0,0,2076,74,5
5885,0,0,2076,412,5
5886,0,0,2076,4408,5
5887,0,0,2076,5701,5
5888,0,0,2076,1290,5
5889,0,0,2076,3049,5
5890,0,0,2076,5152,5
5891,0,0,2077,3690,5
5892,0,0,2077,160,5
5893,0,0,2077,747,5
5894,0,0,2077,284,5
5895,0,0,2077,4206,5
5896,0,0,2077,4137,5
5897,0,0,2077,3713,5
5898,0,0,2077,4638,5
5899,0,0,2077,2430,5
5900,0,0,2077,3318,5
5901,0,0,2078,3566,5
5902,0,0,2078,2144,5
5903,0,1,2079,1319,5
5904,1,1,2080,831,5
5905,0,0,2082,2483,5
5906,0,0,2082,1656,5
5907,0,0,2082,3403,5
5908,0,0,2084,4006,5
5909,0,0,2085,3934,5
5910,0,0,2086,4260,5
5911,0,0,2086,2227,5
5912,0,0,2086,5438,5
5913,0,0,2087,2353,5
5914,0,0,2087,12,5
5915,0,0,2087,1419,5
5916,0,0,2087,849,5
5917,0,0,2087,5128,5
5918,0,0,2087,4624,5
5919,0,0,2087,2489,5
5920,0,0,2087,5357,5
5921,0,0,2087,1517,5
5922,0,0,2087,1922,5
5923,0,0,2088,2381,5
5924,0,0,2088,167,5
5925,0,0,2088,673,5
5926,0,0,2088,355,5
5927,0,0,2088,4162,5
5928,0,0,2088,2757,5
5929,0,0,2088,2664,5
5930,0,0,2088,4409,5
5931,0,0,2088,1193,5
5932,0,0,2088,1455,5
5933,0,0,2089,4312,5
5934,0,0,2089,1295,5
5935,0,0,2093,4117,5
5936,0,0,2093,450,5
5937,0,0,2093,1916,5
5938,0,0,2093,1481,5
5939,0,0,2093,5109,5
5940,0,0,2093,4898,5
5941,0,0,2093,4479,5
5942,0,0,2093,5292,5
5943,0,0,2093,2357,5
5944,0,0,2093,2467,5
5945,0,0,2095,3654,5
5946,0,0,2095,1439,5
5947,0,0,2095,3206,5
5948,0,0,2095,1768,5
5949,0,0,2095,4184,5
5950,0,0,2095,3842,5
5951,0,0,2095,3813,5
5952,0,0,2095,4372,5
5953,0,0,2095,3333,5
5954,0,0,2095,3632,5
5955,0,0,2096,2851,5
5956,0,0,2096,5611,5
5957,0,0,2096,2855,5
5958,0,0,2096,294,5
5959,0,0,2096,3602,5
5960,0,0,2096,5435,5
5961,0,0,2096,5882,5
5962,0,0,2098,1630,5
5963,1,0,2100,3026,5
5964,0,0,2102,5883,5
5965,0,1,2102,3776,5
5966,1,0,2102,659,5
5967,0,0,2102,5249,5
5968,1,1,2104,993,5
5969,0,0,2106,5657,5
5970,1,0,2109,5405,5
5971,0,0,2109,2013,5
5972,0,0,2109,221,5
5973,0,0,2109,4030,5
5974,0,0,2113,4525,5
5975,1,1,2113,3648,5
5976,0,0,2113,1789,5
5977,0,0,2113,4175,5
5978,1,1,2114,3710,5
5979,0,0,2114,3238,5
5980,0,0,2115,1908,5
5981,1,1,2117,1511,5
5982,0,0,2120,3965,5
5983,0,0,2121,4666,5
5984,0,0,2121,3282,5
5985,0,0,2121,1353,5
5986,0,0,2121,4502,5
5987,0,1,2122,2764,5
5988,1,0,2123,1370,5
5989,0,0,2127,3078,5
5990,0,0,2128,1951,5
5991,0,0,2128,3447,5
5992,0,0,2128,2060,5
5993,0,0,2128,1590,5
5994,0,0,2128,2148,5
5995,0,0,2128,2463,5
5996,0,0,2128,3757,5
5997,0,0,2130,4599,5
5998,1,1,2130,1541,5
5999,0,1,2131,2753,5
6000,0,0,2131,1809,5
6001,0,1,2132,1274,5
6002,0,0,2133,2988,5
6003,0,0,2133,1776,5
6004,1,0,2135,6022,5
6005,0,0,2135,4087,5
6006,0,0,2136,6008,5
6007,0,0,2136,4857,5
6008,0,0,2136,93,5
6009,0,0,2136,5777,5
6010,0,0,2137,5068,5
6011,0,0,2137,4063,5
6012,0,0,2137,5284,5
6013,0,0,2138,1492,5
6014,1,0,2138,5415,5
6015,0,0,2138,1889,5
6016,0,0,2138,167,5
6017,0,0,2138,2757,5
6018,0,0,2138,4192,5
6019,0,0,2140,3716,5
6020,0,0,2140,521,5
6021,0,0,2140,3775,5
6022,0,0,2141,5267,5
6023,0,0,2141,1708,5
6024,0,0,2141,5354,5
6025,1,1,2142,2623,5
6026,0,0,2142,2425,5
6027,0,0,2143,3690,5
6028,0,0,2143,575,5
6029,0,0,2143,1776,5
6030,0,0,2143,1537,5
6031,0,0,2143,5084,5
6032,0,0,2143,5074,5
6033,0,0,2143,3815,5
6034,0,0,2143,5739,5
6035,0,0,2143,2401,5
6036,0,0,2143,2988,5
6037,0,0,2144,4367,5
6038,0,0,2144,556,5
6039,1,1,2146,5944,5
6040,0,0,2147,2846,5
6041,0,0,2147,2233,5
6042,0,0,2147,261,5
6043,0,0,2147,3221,5
6044,0,0,2147,4424,5
6045,0,1,2149,2365,5
6046,0,0,2150,2436,5
6047,0,0,2150,5145,5
6048,1,1,2150,2494,5
6049,0,0,2150,937,5
6050,0,0,2150,2805,5
6051,0,0,2150,3317,5
6052,0,0,2150,5753,5
6053,0,0,2152,3023,5
6054,0,0,2152,21,5
6055,0,0,2152,1937,5
6056,0,0,2152,1345,5
6057,0,0,2152,3713,5
6058,0,0,2152,3359,5
6059,0,0,2152,3228,5
6060,0,0,2152,4479,5
6061,0,0,2152,2261,5
6062,0,0,2152,2789,5
6063,0,0,2153,2290,5
6064,1,0,2153,1840,5
6065,0,0,2153,3018,5
6066,0,0,2153,4190,5
6067,0,0,2153,5704,5
6068,0,0,2153,3644,5
6069,0,0,2153,4186,5
6070,0,0,2153,4996,5
6071,0,1,2154,5394,5
6072,0,0,2156,3186,5
6073,0,0,2156,144,5
6074,0,0,2156,1362,5
6075,0,0,2156,1164,5
6076,0,0,2156,4440,5
6077,0,0,2156,4255,5
6078,0,0,2156,3454,5
6079,0,0,2156,4699,5
6080,0,0,2156,1725,5
6081,0,0,2156,2537,5
6082,0,0,2157,3709,5
6083,0,0,2157,578,5
6084,0,0,2157,230,5
6085,0,0,2157,4462,5
6086,0,0,2157,5966,5
6087,0,0,2158,4227,5
6088,0,0,2158,2149,5
6089,0,0,2158,114,5
6090,0,0,2158,3472,5
6091,0,0,2159,3710,5
6092,0,0,2160,4388,5
6093,0,0,2160,2743,5
6094,0,0,2160,2454,5
6095,0,0,2160,4341,5
6096,0,0,2161,3871,5
6097,0,0,2161,5762,5
6098,0,0,2161,4615,5
6099,0,0,2161,3794,5
6100,0,0,2161,4932,5
6101,0,0,2161,5706,5
6102,0,0,2163,3951,5
6103,0,0,2163,719,5
6104,0,0,2163,5464,5
6105,0,1,2165,5786,5
6106,0,1,2167,313,5
6107,0,0,2170,3959,5
6108,0,0,2170,5809,5
6109,0,0,2170,4606,5
6110,0,0,2170,1103,5
6111,0,0,2170,4805,5
6112,0,0,2170,5573,5
6113,0,0,2171,937,5
6114,0,0,2171,39,5
6115,1,1,2171,5697,5
6116,0,0,2172,1357,5
6117,0,0,2174,2874,5
6118,1,1,2174,933,5
6119,0,1,2175,5272,5
6120,0,0,2176,1766,5
6121,0,0,2176,5458,5
6122,0,0,2176,4032,5
6123,0,0,2176,1447,5
6124,0,0,2176,4413,5
6125,0,0,2176,5360,5
6126,0,0,2178,5076,5
6127,0,0,2178,1885,5
6128,0,0,2178,1439,5
6129,0,0,2178,3374,5
6130,0,0,2179,2242,5
6131,0,0,2179,1834,5
6132,0,0,2179,2245,5
6133,0,0,2179,3873,5
6134,0,0,2179,5198,5
6135,0,0,2179,2729,5
6136,0,0,2179,3741,5
6137,0,0,2179,4896,5
6138,0,0,2180,2757,5
6139,0,0,2180,235,5
6140,0,0,2180,1633,5
6141,0,0,2180,1073,5
6142,0,0,2180,4162,5
6143,0,0,2180,4031,5
6144,0,0,2180,3768,5
6145,0,0,2180,5415,5
6146,0,0,2180,1836,5
6147,0,0,2180,2664,5
6148,0,0,2181,2247,5
6149,0,0,2182,5071,5
6150,0,0,2182,1759,5
6151,0,0,2182,1269,5
6152,1,1,2182,2262,5
6153,0,1,2185,2685,5
6154,1,1,2187,1683,5
6155,0,0,2188,443,5
6156,0,0,2189,635,5
6157,0,0,2189,28,5
6158,0,0,2189,2890,5
6159,0,0,2189,5547,5
6160,0,0,2189,5724,5
6161,0,0,2189,3013,5
6162,0,0,2189,4202,5
6163,0,0,2189,5671,5
6164,0,0,2190,3238,5
6165,0,0,2190,2248,5
6166,1,0,2191,2108,5
6167,0,0,2192,1988,5
6168,0,0,2192,1161,5
6169,1,0,2192,419,5
6170,0,0,2192,2904,5
6171,0,0,2192,4736,5
6172,0,0,2193,2725,5
6173,0,0,2193,543,5
6174,0,0,2193,1321,5
6175,0,0,2193,779,5
6176,0,0,2193,5069,5
6177,0,0,2193,4840,5
6178,0,0,2193,5247,5
6179,0,0,2193,1817,5
6180,0,0,2193,2449,5
6181,0,0,2194,3700,5
6182,0,0,2194,2687,5
6183,0,0,2194,1154,5
6184,0,0,2194,4062,5
6185,0,0,2194,4739,5
6186,1,1,2195,3574,5
6187,0,1,2196,3809,5
6188,0,0,2196,2696,5
6189,0,0,2196,4379,5
6190,1,1,2197,3683,5
6191,0,0,2199,3726,5
6192,0,0,2199,347,5
6193,0,0,2199,3268,5
6194,0,0,2199,1446,5
6195,0,0,2199,5675,5
6196,0,0,2199,4110,5
6197,0,0,2199,5932,5
6198,0,0,2199,3558,5
6199,0,0,2199,3710,5
6200,0,0,2200,5335,5
6201,0,0,2200,4548,5
6202,0,0,2202,2047,5
6203,0,0,2202,3910,5
6204,0,0,2202,2978,5
6205,0,0,2202,1333,5
6206,0,0,2202,3297,5
6207,0,0,2202,3350,5
6208,0,0,2202,5203,5
6209,0,0,2203,1998,5
6210,0,0,2203,425,5
6211,0,0,2203,740,5
6212,0,0,2203,582,5
6213,0,0,2203,5238,5
6214,0,0,2203,4805,5
6215,0,0,2203,4325,5
6216,0,0,2203,5899,5
6217,0,0,2203,862,5
6218,0,0,2203,1114,5
6219,0,0,2204,5035,5
6220,1,1,2207,2979,5
6221,0,0,2209,661,5
6222,0,0,2209,5679,5
6223,0,0,2209,1925,5
6224,0,0,2209,361,5
6225,0,0,2209,3852,5
6226,0,0,2209,4240,5
6227,0,0,2210,3056,5
6228,0,1,2210,488,5
6229,0,0,2210,1714,5
6230,0,0,2210,1262,5
6231,0,0,2210,5536,5
6232,0,0,2210,3820,5
6233,0,0,2210,5619,5
6234,0,0,2210,1891,5
6235,0,0,2210,2866,5
6236,0,0,2211,1165,5
6237,0,0,2211,3602,5
6238,0,0,2211,1832,5
6239,0,0,2211,964,5
6240,0,0,2211,2023,5
6241,0,0,2211,3195,5
6242,0,0,2211,4218,5
6243,0,0,2214,2632,5
6244,0,0,2214,2414,5
6245,0,0,2214,5201,5
6246,0,0,2215,4367,5
6247,0,0,2216,5757,5
6248,1,1,2216,4605,5
6249,1,1,2217,1745,5
6250,0,0,2217,5814,5
6251,0,0,2217,2893,5
6252,0,0,2217,789,5
6253,0,0,2217,4553,5
6254,0,0,2217,5281,5
6255,0,0,2218,3978,5
6256,0,0,2218,114,5
6257,0,0,2218,2555,5
6258,0,0,2218,887,5
6259,0,0,2218,5380,5
6260,0,0,2218,4227,5
6261,0,0,2218,4008,5
6262,0,0,2218,5538,5
6263,0,0,2218,3324,5
6264,0,0,2218,3651,5
6265,0,0,2219,1900,5
6266,0,0,2219,5951,5
6267,0,0,2219,2268,5
6268,0,0,2219,1842,5
6269,0,0,2219,2875,5
6270,0,0,2219,5616,5
6271,0,0,2221,3470,5
6272,0,0,2221,3087,5
6273,0,0,2221,813,5
6274,0,0,2221,3319,5
6275,0,0,2222,809,5
6276,0,0,2222,3730,5
6277,0,0,2222,1300,5
6278,0,0,2222,207,5
6279,0,0,2222,3203,5
6280,0,0,2222,3242,5
6281,0,0,2223,623,5
6282,0,0,2223,604,5
6283,0,0,2223,665,5
6284,0,0,2223,2934,5
6285,0,0,2223,3938,5
6286,0,0,2223,1061,5
6287,0,0,2223,2367,5
6288,0,0,2223,3562,5
6289,1,1,2226,5614,5
6290,0,0,2227,3309,5
6291,0,0,2227,361,5
6292,0,0,2227,1015,5
6293,0,0,2227,728,5
6294,0,0,2227,4275,5
6295,0,0,2227,4216,5
6296,0,0,2227,3958,5
6297,0,0,2227,5282,5
6298,0,0,2227,2367,5
6299,0,0,2227,3127,5
6300,1,0,2229,5049,5
6301,0,0,2230,1447,5
6302,0,0,2230,152,5
6303,0,0,2230,345,5
6304,0,0,2230,319,5
6305,0,0,2230,3980,5
6306,0,0,2230,3568,5
6307,0,0,2230,3251,5
6308,0,0,2230,4043,5
6309,0,0,2230,472,5
6310,0,0,2230,511,5
6311,0,0,2231,1966,5
6312,1,1,2232,5724,5
6313,0,0,2235,2657,5
6314,0,0,2235,4240,5
6315,0,0,2235,2965,5
6316,0,0,2235,2471,5
6317,1,1,2235,3963,5
6318,0,0,2235,4092,5
6319,0,0,2235,4809,5
6320,0,0,2237,2159,5
6321,0,0,2237,653,5
6322,0,0,2238,2641,5
6323,1,1,2239,867,5
6324,0,0,2241,4644,5
6325,0,0,2241,1559,5
6326,0,0,2241,1127,5
6327,0,0,2241,3370,5
6328,0,0,2244,1641,5
6329,0,0,2244,1153,5
6330,0,0,2246,5553,5
6331,0,0,2246,1875,5
6332,0,0,2246,480,5
6333,0,1,2246,5418,5
6334,0,0,2249,3030,5
6335,1,1,2249,2977,5
6336,0,0,2249,2059,5
6337,0,0,2249,4331,5
6338,0,0,2249,5096,5
6339,0,0,2250,5976,5
6340,0,0,2252,5563,5
6341,0,0,2252,497,5
6342,0,0,2253,3251,5
6343,0,0,2253,101,5
6344,0,0,2253,1153,5
6345,0,0,2253,152,5
6346,0,0,2253,3778,5
6347,0,0,2253,3663,5
6348,0,0,2253,5854,5
6349,0,0,2253,1776,5
6350,0,0,2253,1898,5
6351,0,0,2254,4105,5
6352,0,0,2254,1971,5
6353,0,0,2254,4221,5
6354,0,0,2256,3789,5
6355,0,0,2256,895,5
6356,0,0,2256,4826,5
6357,0,0,2257,4424,5
6358,0,0,2257,608,5
6359,1,1,2257,5438,5
6360,0,0,2258,2262,5
6361,0,0,2258,100,5
6362,0,0,2258,960,5
6363,0,0,2258,511,5
6364,0,0,2258,4204,5
6365,0,0,2258,4162,5
6366,0,0,2258,2584,5
6367,0,0,2258,5352,5
6368,0,0,2258,1883,5
6369,0,0,2258,2216,5
6370,1,1,2259,4315,5
6371,0,0,2261,3478,5
6372,0,0,2262,4117,5
6373,0,0,2262,3853,5
6374,0,0,2262,24,5
6375,0,0,2262,5250,5
6376,0,0,2262,5266,5
6377,0,1,2263,2015,5
6378,0,0,2265,778,5
6379,0,1,2265,110,5
6380,0,0,2266,1681,5
6381,0,0,2266,347,5
6382,0,0,2266,102,5
6383,0,0,2266,4320,5
6384,0,0,2266,5637,5
6385,1,1,2267,4109,5
6386,1,0,2268,1168,5
6387,0,0,2269,3829,5
6388,0,0,2269,390,5
6389,0,0,2269,1682,5
6390,0,0,2269,476,5
6391,0,0,2269,5092,5
6392,0,0,2269,5074,5
6393,0,0,2269,3953,5
6394,0,0,2269,5987,5
6395,0,0,2269,3017,5
6396,0,0,2269,3787,5
6397,1,0,2271,2378,5
6398,0,0,2271,2364,5
6399,0,0,2271,2533,5
6400,0,0,2271,4120,5
6401,0,0,2271,5261,5
6402,0,0,2271,2896,5
6403,0,0,2271,2989,5
6404,0,0,2271,4912,5
6405,0,0,2272,4000,5
6406,0,0,2272,706,5
6407,0,0,2273,4940,5
6408,1,1,2275,4606,5
6409,0,0,2275,4050,5
6410,0,0,2275,3154,5
6411,0,0,2275,4372,5
6412,0,0,2276,4245,5
6413,0,0,2276,2765,5
6414,0,0,2276,392,5
6415,0,0,2276,3508,5
6416,1,0,2277,3693,5
6417,0,0,2277,1381,5
6418,0,0,2277,2203,5
6419,0,0,2277,1849,5
6420,0,0,2277,4136,5
6421,0,1,2277,3943,5
6422,0,0,2277,3820,5
6423,0,0,2277,5896,5
6424,0,0,2277,2301,5
6425,0,0,2277,3271,5
6426,0,0,2278,2725,5
6427,1,1,2278,543,5
6428,0,0,2278,5247,5
6429,1,0,2280,5037,5
6430,0,0,2280,4995,5
6431,0,0,2281,2396,5
6432,0,0,2281,154,5
6433,0,0,2281,1651,5
6434,0,0,2281,1434,5
6435,0,0,2281,4757,5
6436,0,0,2281,3975,5
6437,0,0,2281,3057,5
6438,0,0,2281,5375,5
6439,0,0,2281,2272,5
6440,0,0,2281,2393,5
6441,0,0,2282,4010,5
6442,1,1,2283,2913,5
6443,1,1,2284,4483,5
6444,0,0,2284,3379,5
6445,0,0,2287,4165,5
6446,0,0,2289,5635,5
6447,0,0,2291,4196,5
6448,0,0,2291,1364,5
6449,0,0,2291,778,5
6450,0,0,2291,1994,5
6451,0,0,2292,5357,5
6452,0,0,2292,1741,5
6453,0,0,2292,12,5
6454,0,0,2292,3203,5
6455,0,0,2293,1680,5
6456,0,0,2293,1484,5
6457,0,0,2293,2068,5
6458,1,0,2293,3855,5
6459,0,0,2293,4447,5
6460,0,0,2293,3330,5
6461,0,0,2293,3634,5
6462,0,0,2293,3898,5
6463,1,1,2294,1951,5
6464,0,0,2295,5145,5
6465,0,0,2295,2494,5
6466,0,0,2295,230,5
6467,1,1,2295,2805,5
6468,1,1,2298,1910,5
6469,0,0,2298,1817,5
6470,0,0,2299,4362,5
6471,0,0,2299,105,5
6472,0,0,2299,2232,5
6473,0,0,2299,882,5
6474,0,0,2299,5913,5
6475,0,0,2299,5202,5
6476,0,0,2299,4477,5
6477,0,0,2299,6015,5
6478,0,0,2299,2611,5
6479,0,0,2299,3175,5
6480,0,0,2301,5227,5
6481,1,1,2301,3674,5
6482,0,0,2301,5777,5
6483,0,0,2305,2806,5
6484,0,0,2305,1625,5
6485,0,0,2305,1708,5
6486,0,0,2305,1684,5
6487,0,0,2305,5794,5
6488,0,0,2305,5221,5
6489,0,0,2305,4749,5
6490,0,0,2305,5938,5
6491,0,0,2305,2634,5
6492,0,0,2305,2670,5
6493,0,0,2308,3412,5
6494,0,0,2308,425,5
6495,0,0,2308,1322,5
6496,0,0,2308,431,5
6497,0,0,2308,5053,5
6498,0,0,2308,4454,5
6499,0,0,2308,3627,5
6500,0,0,2308,5170,5
6501,0,0,2308,1906,5
6502,0,0,2308,2512,5
6503,0,0,2309,5131,5
6504,1,1,2310,3801,5
6505,0,0,2310,1826,5
6506,0,0,2310,251,5
6507,0,0,2310,3313,5
6508,0,0,2311,2896,5
6509,0,0,2311,2364,5
6510,0,0,2311,2989,5
6511,0,0,2312,4271,5
6512,0,0,2312,534,5
6513,0,0,2312,1203,5
6514,0,0,2312,781,5
6515,0,0,2312,4988,5
6516,0,0,2312,4618,5
6517,0,0,2312,4474,5
6518,0,0,2312,5432,5
6519,0,0,2312,2577,5
6520,0,0,2312,4158,5
6521,1,1,2313,4161,5
6522,0,0,2315,4654,5
6523,1,1,2315,2886,5
6524,0,0,2317,2248,5
6525,0,0,2318,1519,5
6526,0,0,2318,5453,5
6527,0,0,2318,1812,5
6528,0,0,2318,485,5
6529,0,0,2318,2670,5
6530,0,0,2318,4161,5
6531,0,0,2319,1524,5
6532,0,0,2319,1442,5
6533,0,0,2319,2219,5
6534,0,0,2319,4512,5
6535,0,0,2319,5917,5
6536,0,0,2319,3037,5
6537,0,0,2319,3853,5
6538,0,0,2319,5645,5
6539,0,0,2321,4204,5
6540,0,0,2321,3111,5
6541,0,0,2321,2265,5
6542,0,0,2321,3506,5
6543,0,0,2322,2760,5
6544,0,0,2322,385,5
6545,0,0,2322,630,5
6546,0,0,2322,455,5
6547,0,0,2322,4478,5
6548,0,0,2322,4291,5
6549,0,0,2322,3663,5
6550,0,0,2322,4497,5
6551,0,0,2322,1656,5
6552,0,0,2322,2742,5
6553,0,0,2323,870,5
6554,0,0,2323,669,5
6555,0,0,2323,2238,5
6556,0,0,2323,5222,5
6557,0,0,2323,5928,5
6558,0,0,2323,3696,5
6559,1,0,2323,4881,5
6560,0,0,2323,5827,5
6561,0,0,2324,1167,5
6562,0,0,2324,331,5
6563,0,0,2324,3668,5
6564,0,0,2325,2123,5
6565,0,0,2325,1732,5
6566,0,0,2327,2842,5
6567,0,0,2327,1630,5
6568,0,0,2328,1243,5
6569,0,0,2329,4397,5
6570,0,0,2329,2737,5
6571,0,0,2329,2719,5
6572,0,0,2329,3947,5
6573,1,1,2330,975,5
6574,0,0,2330,5171,5
6575,0,0,2330,2761,5
6576,0,0,2330,20,5
6577,0,0,2330,4895,5
6578,0,0,2330,5013,5
6579,1,1,2331,5635,5
6580,0,0,2331,811,5
6581,0,0,2332,1816,5
6582,0,0,2332,1232,5
6583,0,0,2332,544,5
6584,1,1,2332,1542,5
6585,0,0,2333,3309,5
6586,0,0,2333,137,5
6587,0,0,2333,905,5
6588,0,0,2333,548,5
6589,0,0,2333,4561,5
6590,0,0,2333,3841,5
6591,0,0,2333,3609,5
6592,0,0,2333,5660,5
6593,0,0,2333,1015,5
6594,0,0,2333,2060,5
6595,0,0,2334,1950,5
6596,0,0,2334,1812,5
6597,0,0,2334,2566,5
6598,0,0,2335,422,5
6599,0,0,2335,1422,5
6600,0,0,2335,633,5
6601,0,0,2335,24,5
6602,0,0,2335,832,5
6603,0,0,2335,1389,5
6604,0,0,2335,4363,5
6605,0,1,2337,644,5
6606,0,0,2339,1602,5
6607,0,0,2339,4709,5
6608,0,0,2339,2258,5
6609,0,0,2339,604,5
6610,0,0,2339,3893,5
6611,0,0,2339,4160,5
6612,0,0,2339,5755,5
6613,0,0,2340,1127,5
6614,0,0,2341,438,5
6615,0,0,2341,4826,5
6616,0,0,2341,710,5
6617,0,0,2341,61,5
6618,0,0,2341,1814,5
6619,1,1,2341,4098,5
6620,0,0,2341,5974,5
6621,0,0,2342,4883,5
6622,0,0,2342,3009,5
6623,0,0,2344,2729,5
6624,0,0,2344,271,5
6625,0,0,2344,739,5
6626,0,0,2344,484,5
6627,0,0,2344,4491,5
6628,0,0,2344,4053,5
6629,0,0,2344,3551,5
6630,0,0,2344,4786,5
6631,0,0,2344,1358,5
6632,0,0,2344,1450,5
6633,0,0,2345,4733,5
6634,0,0,2345,1279,5
6635,1,1,2345,2582,5
6636,0,0,2345,1646,5
6637,0,0,2345,5713,5
6638,0,0,2345,4759,5
6639,0,0,2345,5920,5
6640,0,0,2345,3471,5
6641,0,0,2345,3587,5
6642,0,0,2346,1069,5
6643,1,1,2347,4152,5
6644,0,0,2347,3103,5
6645,0,0,2347,4517,5
6646,0,0,2349,5858,5
6647,0,0,2349,459,5
6648,0,0,2349,58,5
6649,0,1,2349,2936,5
6650,1,1,2350,5937,5
6651,0,0,2350,2384,5
6652,0,0,2350,2255,5
6653,0,0,2350,5139,5
6654,1,1,2353,4649,5
6655,0,0,2356,2814,5
6656,0,0,2356,414,5
6657,0,0,2356,52,5
6658,0,1,2356,1768,5
6659,0,0,2358,5246,5
6660,0,0,2358,4003,5
6661,1,1,2358,5797,5
6662,0,0,2359,2696,5
6663,0,1,2359,1673,5
6664,0,1,2360,4753,5
6665,1,1,2361,2591,5
6666,0,0,2361,858,5
6667,0,0,2361,4883,5
6668,0,0,2362,1103,5
6669,0,0,2364,4403,5
6670,0,0,2364,59,5
6671,0,0,2364,529,5
6672,0,0,2364,515,5
6673,0,0,2364,5818,5
6674,0,0,2364,5748,5
6675,0,0,2364,5119,5
6676,0,0,2364,6031,5
6677,1,1,2364,1548,5
6678,0,0,2364,1986,5
6679,0,0,2365,1898,5
6680,0,0,2368,3589,5
6681,0,0,2368,2233,5
6682,1,1,2368,261,5
6683,0,0,2368,4859,5
6684,0,0,2368,5322,5
6685,0,0,2370,3151,5
6686,0,0,2370,2272,5
6687,0,0,2370,299,5
6688,0,0,2370,2965,5
6689,0,1,2371,5349,5
6690,0,0,2372,4413,5
6691,1,1,2372,912,5
6692,0,0,2373,3273,5
6693,0,0,2373,847,5
6694,0,0,2373,2125,5
6695,0,0,2373,986,5
6696,0,0,2373,4122,5
6697,0,0,2373,3869,5
6698,0,0,2373,3845,5
6699,0,0,2373,4233,5
6700,0,0,2373,2549,5
6701,0,0,2373,2637,5
6702,0,0,2376,3356,5
6703,0,0,2376,222,5
6704,0,0,2376,1193,5
6705,0,0,2376,716,5
6706,0,0,2376,4066,5
6707,0,0,2376,3449,5
6708,0,0,2376,5906,5
6709,0,0,2376,1617,5
6710,0,0,2376,3318,5
6711,0,0,2382,4844,5
6712,0,0,2382,152,5
6713,0,0,2382,630,5
6714,0,0,2382,467,5
6715,0,0,2382,5688,5
6716,0,0,2382,5382,5
6717,0,0,2382,5369,5
6718,0,0,2382,5709,5
6719,0,0,2382,1018,5
6720,0,0,2382,1097,5
6721,0,0,2383,2893,5
6722,0,0,2383,112,5
6723,0,0,2383,870,5
6724,0,0,2383,682,5
6725,0,0,2383,4437,5
6726,0,0,2383,3595,5
6727,0,0,2383,5668,5
6728,0,0,2383,2447,5
6729,0,0,2383,2682,5
6730,0,0,2384,512,5
6731,0,0,2384,3243,5
6732,1,0,2384,1331,5
6733,0,0,2384,510,5
6734,0,0,2384,1848,5
6735,0,0,2384,2026,5
6736,0,0,2384,6038,5
6737,0,0,2385,1134,5
6738,0,0,2385,5899,5
6739,0,0,2385,1351,5
6740,0,0,2385,435,5
6741,0,0,2385,1652,5
6742,0,0,2385,3994,5
6743,0,0,2385,6031,5
6744,0,0,2386,4230,5
6745,0,0,2386,3238,5
6746,0,0,2387,131,5
6747,0,0,2387,5523,5
6748,0,0,2387,877,5
6749,0,0,2387,11,5
6750,0,0,2387,4122,5
6751,0,0,2387,4444,5
6752,0,0,2387,5536,5
6753,0,0,2388,706,5
6754,0,0,2388,5648,5
6755,0,0,2388,1703,5
6756,0,0,2388,33,5
6757,0,0,2388,3711,5
6758,0,1,2388,4000,5
6759,0,0,2389,2544,5
6760,0,0,2389,1267,5
6761,0,0,2389,2935,5
6762,0,0,2389,4473,5
6763,1,1,2389,6041,5
6764,0,0,2389,3497,5
6765,0,0,2389,3511,5
6766,0,0,2389,4662,5
6767,0,0,2390,2111,5
6768,1,1,2390,1322,5
6769,0,0,2390,644,5
6770,0,0,2390,3083,5
6771,0,0,2390,3412,5
6772,0,0,2391,3703,5
6773,1,1,2391,480,5
6774,0,0,2391,5974,5
6775,0,0,2392,3379,5
6776,0,0,2392,940,5
6777,0,0,2392,217,5
6778,0,0,2392,5390,5
6779,0,0,2392,5901,5
6780,1,1,2393,3017,5
6781,0,0,2394,2935,5
6782,0,0,2394,623,5
6783,0,0,2394,1426,5
6784,0,0,2394,1019,5
6785,0,0,2394,4126,5
6786,0,0,2394,4039,5
6787,0,0,2394,2990,5
6788,0,0,2394,5078,5
6789,0,0,2394,1720,5
6790,0,0,2394,1829,5
6791,0,0,2396,1881,5
6792,0,0,2396,1126,5
6793,0,0,2396,2534,5
6794,0,0,2396,4142,5
6795,0,0,2396,5001,5
6796,0,0,2396,2959,5
6797,0,0,2396,3141,5
6798,0,0,2396,4256,5
6799,0,0,2398,2363,5
6800,0,0,2398,5099,5
6801,0,0,2398,3228,5
6802,0,0,2398,1461,5
6803,0,0,2398,3258,5
6804,0,0,2398,4150,5
6805,0,0,2398,5610,5
6806,0,0,2400,3549,5
6807,0,0,2400,462,5
6808,0,0,2400,1684,5
6809,0,0,2400,928,5
6810,0,0,2400,4495,5
6811,0,0,2400,4221,5
6812,0,0,2400,6031,5
6813,0,0,2400,3094,5
6814,0,0,2400,3374,5
6815,0,0,2401,1194,5
6816,0,0,2401,111,5
6817,0,0,2401,3079,5
6818,0,0,2401,5518,5
6819,0,0,2401,5950,5
6820,0,0,2401,4638,5
6821,0,0,2401,4947,5
6822,0,0,2401,5665,5
6823,1,0,2402,2995,5
6824,0,0,2403,5071,5
6825,1,0,2403,393,5
6826,0,0,2403,1571,5
6827,0,0,2403,1205,5
6828,0,0,2403,5610,5
6829,0,0,2403,5465,5
6830,0,0,2403,5648,5
6831,0,0,2403,3641,5
6832,0,0,2403,4150,5
6833,0,1,2404,3206,5
6834,0,0,2407,2201,5
6835,0,0,2407,4437,5
6836,0,0,2407,2247,5
6837,0,0,2407,1000,5
6838,0,0,2407,2375,5
6839,1,1,2407,3181,5
6840,0,0,2409,1681,5
6841,0,0,2409,102,5
6842,0,0,2409,1874,5
6843,0,0,2409,3623,5
6844,0,0,2409,4335,5
6845,0,0,2409,2849,5
6846,0,0,2409,3590,5
6847,0,0,2409,3956,5
6848,0,0,2411,3271,5
6849,1,1,2411,145,5
6850,0,0,2413,2756,5
6851,0,0,2414,1890,5
6852,0,0,2414,5188,5
6853,1,1,2414,2852,5
6854,0,0,2414,1282,5
6855,0,0,2414,3160,5
6856,0,0,2414,3664,5
6857,0,0,2414,5348,5
6858,0,0,2415,3343,5
6859,0,0,2415,157,5
6860,0,0,2415,609,5
6861,0,0,2415,440,5
6862,0,0,2415,5642,5
6863,0,0,2415,5447,5
6864,1,0,2415,3821,5
6865,0,0,2415,5886,5
6866,0,0,2415,642,5
6867,0,0,2415,773,5
6868,0,0,2420,4202,5
6869,0,0,2420,28,5
6870,0,0,2420,635,5
6871,0,0,2420,153,5
6872,0,0,2420,5312,5
6873,0,0,2420,4981,5
6874,0,0,2420,5449,5
6875,0,0,2420,892,5
6876,0,0,2420,3996,5
6877,1,1,2423,2544,5
6878,0,0,2424,3151,5
6879,0,0,2424,543,5
6880,0,0,2424,1323,5
6881,0,0,2424,779,5
6882,0,0,2424,5069,5
6883,0,0,2424,3764,5
6884,0,0,2424,5247,5
6885,0,0,2424,2449,5
6886,0,0,2424,2725,5
6887,0,0,2425,4257,5
6888,0,0,2426,1399,5
6889,0,0,2427,2727,5
6890,0,0,2427,69,5
6891,0,0,2427,1898,5
6892,0,0,2427,716,5
6893,0,0,2427,5637,5
6894,0,0,2427,2920,5
6895,0,0,2427,5917,5
6896,0,0,2427,2219,5
6897,0,0,2427,2384,5
6898,0,0,2429,5311,5
6899,0,0,2429,3000,5
6900,0,0,2429,1668,5
6901,0,1,2429,3435,5
6902,0,1,2430,5690,5
6903,0,0,2431,2441,5
6904,0,0,2431,1172,5
6905,0,0,2431,2663,5
6906,0,0,2431,5290,5
6907,0,0,2431,5974,5
6908,0,0,2431,3286,5
6909,0,0,2431,4826,5
6910,0,0,2431,5826,5
6911,1,1,2432,2796,5
6912,0,0,2432,411,5
6913,0,0,2433,2420,5
6914,0,0,2433,1729,5
6915,0,0,2433,2481,5
6916,0,0,2434,2305,5
6917,1,1,2434,396,5
6918,0,0,2435,98,5
6919,0,0,2435,4290,5
6920,0,0,2435,2907,5
6921,0,0,2435,34,5
6922,0,0,2435,3902,5
6923,1,1,2435,4191,5
6924,0,0,2437,1875,5
6925,0,0,2438,3323,5
6926,0,0,2438,887,5
6927,0,0,2438,4442,5
6928,0,0,2441,1502,5
6929,0,0,2441,640,5
6930,0,0,2441,63,5
6931,0,0,2441,5312,5
6932,0,0,2441,5668,5
6933,0,0,2442,1742,5
6934,0,0,2442,1381,5
6935,0,0,2442,2317,5
6936,0,0,2442,4717,5
6937,0,0,2442,4997,5
6938,0,0,2442,2318,5
6939,0,0,2442,3663,5
6940,0,0,2442,4779,5
6941,0,0,2444,1678,5
6942,0,0,2445,5015,5
6943,0,0,2445,2246,5
6944,0,1,2445,2162,5
6945,0,0,2445,3372,5
6946,0,0,2446,51,5
6947,1,1,2448,2838,5
6948,0,0,2450,1042,5
6949,0,0,2452,3022,5
6950,0,0,2452,2336,5
6951,1,1,2452,593,5
6952,0,0,2452,4717,5
6953,0,0,2452,5948,5
6954,0,1,2453,2283,5
6955,0,0,2454,5139,5
6956,0,0,2456,3511,5
6957,0,0,2456,135,5
6958,0,0,2456,1201,5
6959,1,1,2456,165,5
6960,0,0,2456,5716,5
6961,0,0,2456,5202,5
6962,0,0,2456,3549,5
6963,0,0,2456,5918,5
6964,0,0,2456,1267,5
6965,0,0,2456,3507,5
6966,0,0,2458,4635,5
6967,0,0,2460,2328,5
6968,0,0,2460,186,5
6969,0,0,2460,2425,5
6970,0,0,2462,4893,5
6971,0,0,2462,2105,5
6972,1,1,2462,6029,5
6973,0,0,2463,5334,5
6974,0,0,2464,4118,5
6975,0,0,2467,5089,5
6976,0,1,2467,80,5
6977,1,0,2468,3641,5
6978,0,0,2468,509,5
6979,0,0,2468,4244,5
6980,1,1,2471,5723,5
6981,0,0,2472,1488,5
6982,0,0,2472,644,5
6983,0,0,2472,2355,5
6984,0,0,2472,3208,5
6985,0,0,2472,4214,5
6986,0,0,2472,2976,5
6987,0,0,2472,3060,5
6988,0,0,2472,3244,5
6989,0,0,2473,2991,5
6990,0,0,2473,1393,5
6991,0,0,2473,2090,5
6992,0,0,2473,1483,5
6993,0,0,2473,5214,5
6994,0,0,2473,3540,5
6995,0,0,2473,3303,5
6996,0,0,2473,6014,5
6997,0,0,2473,2818,5
6998,0,0,2473,2906,5
6999,0,0,2475,3688,5
7000,0,0,2477,3644,5
7001,0,0,2477,1042,5
7002,0,0,2477,2290,5
7003,0,0,2477,2241,5
7004,1,0,2477,4914,5
7005,0,0,2477,3743,5
7006,0,0,2477,5704,5
7007,0,0,2477,2516,5
7008,0,0,2477,3474,5
7009,0,0,2479,870,5
7010,0,0,2479,4553,5
7011,0,0,2479,1482,5
7012,0,0,2479,3,5
7013,0,0,2479,1537,5
7014,1,0,2479,4542,5
7015,0,0,2479,4881,5
7016,0,0,2480,3872,5
7017,0,0,2480,182,5
7018,0,0,2480,1024,5
7019,0,0,2480,906,5
7020,0,0,2480,4681,5
7021,1,1,2480,4608,5
7022,0,0,2480,4161,5
7023,0,0,2480,5933,5
7024,0,0,2480,1519,5
7025,0,0,2480,3237,5
7026,0,0,2483,385,5
7027,0,0,2483,103,5
7028,0,0,2483,840,5
7029,0,0,2483,2708,5
7030,0,0,2483,3713,5
7031,0,0,2483,1681,5
7032,0,0,2483,2637,5
7033,0,0,2483,2854,5
7034,0,0,2484,264,5
7035,0,0,2485,5864,5
7036,0,0,2486,4299,5
7037,1,1,2486,1272,5
7038,0,0,2486,2831,5
7039,0,0,2486,1910,5
7040,0,0,2486,4861,5
7041,0,0,2486,4805,5
7042,0,0,2486,5786,5
7043,0,0,2486,3964,5
7044,0,0,2486,4093,5
7045,0,0,2487,2551,5
7046,0,0,2487,697,5
7047,0,0,2487,1680,5
7048,0,0,2487,1502,5
7049,0,0,2487,5104,5
7050,0,0,2487,3826,5
7051,0,0,2487,2563,5
7052,0,0,2487,6026,5
7053,0,0,2487,2068,5
7054,0,0,2487,2364,5
7055,0,0,2488,1534,5
7056,1,1,2489,4055,5
7057,0,0,2490,736,5
7058,0,0,2493,514,5
7059,0,0,2493,3953,5
7060,0,0,2493,2447,5
7061,0,0,2493,484,5
7062,0,0,2493,3324,5
7063,0,0,2493,3332,5
7064,0,0,2494,5974,5
7065,0,0,2494,5145,5
7066,0,0,2494,3892,5
7067,0,0,2494,5253,5
7068,0,0,2495,3833,5
7069,0,0,2495,219,5
7070,1,0,2495,5126,5
7071,0,0,2496,3005,5
7072,0,0,2496,212,5
7073,0,0,2496,662,5
7074,0,0,2496,532,5
7075,0,0,2496,4133,5
7076,0,0,2496,3563,5
7077,0,0,2496,3207,5
7078,0,0,2496,6031,5
7079,0,0,2496,1548,5
7080,0,0,2496,2528,5
7081,0,0,2497,2023,5
7082,1,1,2498,617,5
7083,0,0,2499,4228,5
7084,0,0,2499,1168,5
7085,0,0,2499,498,5
7086,0,0,2499,2775,5
7087,0,0,2502,3852,5
7088,0,0,2502,429,5
7089,0,0,2502,1539,5
7090,0,0,2502,1183,5
7091,0,0,2502,4472,5
7092,0,0,2502,3996,5
7093,0,0,2502,4770,5
7094,0,0,2502,1801,5
7095,0,0,2502,2889,5
7096,0,0,2503,3878,5
7097,0,1,2503,1715,5
7098,0,0,2503,4753,5
7099,0,0,2505,1447,5
7100,0,0,2505,319,5
7101,0,0,2505,364,5
7102,0,0,2505,360,5
7103,0,0,2505,4346,5
7104,0,0,2505,3181,5
7105,0,0,2505,1683,5
7106,0,0,2505,5403,5
7107,0,0,2505,546,5
7108,0,0,2505,791,5
7109,0,0,2507,4972,5
7110,0,0,2507,3667,5
7111,0,0,2507,1727,5
7112,0,0,2507,4700,5
7113,0,0,2508,3110,5
7114,0,0,2508,11,5
7115,0,0,2508,877,5
7116,0,0,2508,218,5
7117,0,0,2508,5367,5
7118,0,0,2508,4391,5
7119,0,0,2508,5536,5
7120,0,0,2508,1068,5
7121,0,0,2508,1197,5
7122,0,0,2509,3879,5
7123,0,0,2510,4076,5
7124,0,0,2510,2762,5
7125,0,0,2510,482,5
7126,0,1,2510,3171,5
7127,0,0,2512,3384,5
7128,1,1,2513,5458,5
7129,0,0,2514,891,5
7130,0,0,2515,4740,5
7131,0,0,2515,1662,5
7132,1,1,2516,5306,5
7133,0,0,2517,2856,5
7134,0,0,2517,2207,5
7135,0,0,2517,4301,5
7136,0,0,2518,455,5
7137,0,0,2518,360,5
7138,1,1,2518,3663,5
7139,0,0,2519,4473,5
7140,0,0,2520,3952,5
7141,0,0,2522,2379,5
7142,0,0,2522,4339,5
7143,0,0,2522,2896,5
7144,0,0,2522,1234,5
7145,0,0,2522,3143,5
7146,0,0,2522,4246,5
7147,0,0,2522,5070,5
7148,0,0,2524,3312,5
7149,1,0,2524,106,5
7150,0,0,2524,2716,5
7151,0,0,2524,2236,5
7152,0,0,2524,4968,5
7153,0,0,2524,4579,5
7154,0,0,2524,5625,5
7155,0,0,2524,2848,5
7156,0,0,2524,3305,5
7157,1,1,2526,6051,5
7158,0,1,2529,4629,5
7159,0,0,2529,2696,5
7160,0,0,2529,5553,5
7161,0,0,2530,2520,5
7162,0,0,2530,112,5
7163,1,1,2530,4304,5
7164,0,0,2531,2120,5
7165,0,0,2531,1165,5
7166,0,0,2531,1158,5
7167,1,1,2531,1788,5
7168,1,1,2532,4083,5
7169,0,0,2532,1256,5
7170,0,0,2532,2489,5
7171,0,0,2532,2486,5
7172,0,0,2532,4927,5
7173,0,0,2532,4624,5
7174,0,0,2532,4262,5
7175,0,0,2532,5131,5
7176,0,0,2532,2680,5
7177,0,0,2532,3620,5
7178,1,1,2533,3790,5
7179,0,0,2533,3639,5
7180,0,0,2533,526,5
7181,0,0,2533,4225,5
7182,0,0,2533,5300,5
7183,0,0,2534,5257,5
7184,0,0,2534,3623,5
7185,0,0,2534,759,5
7186,0,0,2534,4110,5
7187,0,0,2535,4127,5
7188,0,0,2535,173,5
7189,0,0,2535,707,5
7190,0,0,2535,469,5
7191,0,0,2535,5167,5
7192,0,0,2535,4985,5
7193,0,0,2535,4214,5
7194,0,0,2535,5628,5
7195,0,0,2535,2085,5
7196,0,0,2535,3737,5
7197,1,1,2536,2761,5
7198,0,0,2536,2519,5
7199,0,0,2537,1500,5
7200,0,0,2537,416,5
7201,1,1,2537,230,5
7202,0,0,2537,2954,5
7203,0,0,2537,5639,5
7204,0,0,2538,5584,5
7205,0,0,2538,1581,5
7206,0,1,2539,2916,5
7207,0,0,2539,1357,5
7208,0,0,2540,2611,5
7209,0,0,2540,5769,5
7210,1,0,2540,2819,5
7211,0,0,2540,355,5
7212,0,0,2540,4477,5
7213,0,0,2540,5373,5
7214,0,0,2541,4469,5
7215,0,0,2543,2797,5
7216,0,0,2543,1951,5
7217,0,1,2543,1912,5
7218,0,0,2543,3940,5
7219,0,0,2543,5299,5
7220,0,0,2544,3334,5
7221,0,1,2545,4958,5
7222,0,0,2546,3616,5
7223,0,0,2546,1024,5
7224,0,0,2546,2096,5
7225,0,0,2546,1292,5
7226,0,0,2546,5082,5
7227,0,0,2546,4681,5
7228,0,0,2546,4398,5
7229,0,0,2546,5933,5
7230,0,0,2546,2793,5
7231,0,0,2546,3543,5
7232,1,1,2547,2609,5
7233,0,0,2548,2890,5
7234,0,0,2548,273,5
7235,0,0,2548,1487,5
7236,0,0,2548,1283,5
7237,0,0,2548,4792,5
7238,0,0,2548,3103,5
7239,0,0,2548,5724,5
7240,0,0,2548,1556,5
7241,0,0,2548,2572,5
7242,0,0,2549,3038,5
7243,0,0,2549,1189,5
7244,0,0,2549,1971,5
7245,0,0,2549,1419,5
7246,0,0,2549,3702,5
7247,0,0,2549,3500,5
7248,0,0,2549,3258,5
7249,0,0,2549,5876,5
7250,0,0,2549,2555,5
7251,0,0,2549,2775,5
7252,0,0,2550,5785,5
7253,0,0,2550,2216,5
7254,0,0,2550,857,5
7255,0,0,2550,2405,5
7256,0,0,2552,1269,5
7257,0,0,2552,424,5
7258,0,0,2552,45,5
7259,0,0,2552,2855,5
7260,0,0,2552,3508,5
7261,1,0,2553,5888,5
7262,0,0,2554,4287,5
7263,0,0,2554,1126,5
7264,0,0,2554,1582,5
7265,0,0,2554,1358,5
7266,0,0,2554,5182,5
7267,0,0,2554,5129,5
7268,0,0,2554,4292,5
7269,0,0,2554,5657,5
7270,0,0,2554,2592,5
7271,0,0,2554,3737,5
7272,0,0,2555,3950,5
7273,0,0,2555,268,5
7274,0,0,2559,4733,5
7275,0,0,2559,1646,5
7276,0,0,2559,2582,5
7277,0,0,2559,2252,5
7278,0,0,2559,5713,5
7279,1,1,2559,4759,5
7280,0,0,2559,5920,5
7281,0,0,2559,3132,5
7282,0,0,2559,3587,5
7283,0,0,2560,2793,5
7284,0,0,2560,23,5
7285,0,0,2560,1276,5
7286,0,0,2560,559,5
7287,0,0,2560,3543,5
7288,0,0,2560,3208,5
7289,0,0,2560,3023,5
7290,0,0,2560,3946,5
7291,0,0,2560,1488,5
7292,0,0,2560,2467,5
7293,0,0,2564,4184,5
7294,0,1,2564,2959,5
7295,0,0,2564,896,5
7296,0,0,2564,3796,5
7297,0,0,2566,1949,5
7298,0,0,2566,674,5
7299,0,0,2566,923,5
7300,0,0,2566,797,5
7301,0,0,2566,5079,5
7302,0,0,2566,3975,5
7303,0,0,2566,2348,5
7304,0,0,2566,5608,5
7305,0,0,2566,1377,5
7306,0,0,2566,1940,5
7307,0,1,2568,1713,5
7308,0,0,2568,101,5
7309,1,1,2569,3066,5
7310,1,1,2570,2111,5
7311,0,0,2572,1274,5
7312,0,0,2572,48,5
7313,0,0,2572,5333,5
7314,0,0,2573,2413,5
7315,1,1,2573,5310,5
7316,0,0,2573,4008,5
7317,0,0,2573,1217,5
7318,0,0,2573,4146,5
7319,0,0,2573,4854,5
7320,1,1,2576,1642,5
7321,0,0,2576,738,5
7322,0,0,2576,2490,5
7323,0,0,2580,2761,5
7324,0,0,2580,6042,5
7325,0,0,2580,4003,5
7326,0,0,2580,314,5
7327,1,1,2580,4599,5
7328,0,0,2580,4673,5
7329,0,0,2581,2966,5
7330,0,0,2581,898,5
7331,1,1,2581,546,5
7332,0,0,2581,2742,5
7333,0,0,2583,3835,5
7334,0,0,2583,3670,5
7335,0,0,2584,4230,5
7336,1,1,2585,2637,5
7337,0,0,2585,1471,5
7338,0,0,2586,1968,5
7339,0,0,2586,366,5
7340,0,0,2586,541,5
7341,0,0,2586,500,5
7342,0,0,2586,3181,5
7343,0,0,2586,3007,5
7344,0,0,2586,2723,5
7345,0,0,2586,3415,5
7346,0,0,2586,930,5
7347,0,0,2586,1556,5
7348,0,1,2587,5514,5
7349,0,0,2588,2427,5
7350,0,0,2588,2305,5
7351,0,0,2589,3535,5
7352,0,0,2589,208,5
7353,0,0,2589,1102,5
7354,0,0,2589,452,5
7355,0,0,2589,4971,5
7356,0,0,2589,4769,5
7357,0,0,2589,3583,5
7358,0,0,2589,4998,5
7359,0,0,2589,1373,5
7360,0,0,2589,2312,5
7361,0,0,2590,4832,5
7362,0,0,2590,201,5
7363,0,0,2590,5380,5
7364,0,0,2591,3115,5
7365,1,1,2591,127,5
7366,0,0,2591,1389,5
7367,0,0,2591,1282,5
7368,0,0,2591,4660,5
7369,0,0,2591,3664,5
7370,0,0,2591,3160,5
7371,0,0,2591,5348,5
7372,0,0,2591,1890,5
7373,0,0,2591,3049,5
7374,0,0,2592,5042,5
7375,0,0,2592,3866,5
7376,0,0,2593,4052,5
7377,0,0,2593,405,5
7378,0,0,2593,2462,5
7379,0,0,2593,2379,5
7380,0,0,2593,5687,5
7381,0,0,2593,5355,5
7382,0,0,2593,5179,5
7383,0,0,2593,5907,5
7384,0,0,2593,3147,5
7385,0,0,2593,3866,5
7386,0,0,2594,278,5
7387,1,1,2595,1288,5
7388,0,0,2597,5227,5
7389,0,0,2597,3517,5
7390,0,0,2597,2809,5
7391,0,0,2597,4397,5
7392,0,1,2598,6020,5
7393,0,0,2598,1917,5
7394,0,0,2598,96,5
7395,0,0,2598,5249,5
7396,0,0,2601,5503,5
7397,0,0,2601,4010,5
7398,0,0,2601,5553,5
7399,0,1,2602,4848,5
7400,0,0,2602,2558,5
7401,0,0,2602,1357,5
7402,0,0,2602,4450,5
7403,1,1,2603,5927,5
7404,0,0,2604,4069,5
7405,0,0,2604,3191,5
7406,0,1,2605,3649,5
7407,0,0,2605,2147,5
7408,0,0,2605,1829,5
7409,0,0,2605,2358,5
7410,0,0,2607,2302,5
7411,0,0,2607,217,5
7412,0,0,2607,1507,5
7413,0,0,2607,1417,5
7414,0,0,2607,4602,5
7415,0,0,2607,4360,5
7416,0,0,2607,3199,5
7417,0,0,2607,5788,5
7418,1,1,2607,1719,5
7419,0,0,2607,2259,5
7420,0,0,2609,2296,5
7421,0,0,2609,2035,5
7422,0,0,2609,3061,5
7423,1,1,2609,4115,5
7424,0,0,2609,5322,5
7425,0,0,2609,3589,5
7426,0,0,2609,3727,5
7427,0,0,2609,4859,5
7428,0,0,2611,1633,5
7429,0,1,2611,1492,5
7430,0,0,2611,934,5
7431,0,0,2611,1706,5
7432,0,0,2611,4393,5
7433,1,0,2612,3298,5
7434,1,1,2614,4778,5
7435,0,0,2615,1858,5
7436,0,0,2615,1748,5
7437,0,0,2615,1927,5
7438,0,0,2615,2779,5
7439,0,0,2615,5130,5
7440,0,0,2615,2308,5
7441,0,0,2615,2347,5
7442,0,0,2615,4604,5
7443,0,0,2616,2452,5
7444,0,0,2616,5793,5
7445,0,0,2616,3326,5
7446,0,0,2616,1571,5
7447,0,0,2616,3379,5
7448,0,0,2616,5643,5
7449,0,0,2617,5226,5
7450,0,0,2617,5179,5
7451,0,0,2617,405,5
7452,0,0,2617,5355,5
7453,1,1,2617,5907,5
7454,1,1,2621,1043,5
7455,0,0,2622,3573,5
7456,0,0,2622,818,5
7457,0,0,2622,5607,5
7458,1,1,2625,90,5
7459,0,0,2626,3807,5
7460,0,1,2626,3200,5
7461,0,0,2626,2138,5
7462,0,0,2626,4305,5
7463,0,0,2626,5161,5
7464,0,0,2627,2995,5
7465,0,0,2627,1602,5
7466,0,0,2627,5344,5
7467,0,0,2629,4473,5
7468,0,0,2629,908,5
7469,0,0,2630,2781,5
7470,0,0,2630,424,5
7471,0,0,2630,2198,5
7472,0,0,2630,2127,5
7473,0,0,2630,4806,5
7474,0,0,2630,4031,5
7475,0,0,2630,3713,5
7476,0,0,2630,5841,5
7477,0,0,2630,2381,5
7478,0,0,2630,2757,5
7479,0,1,2631,1644,5
7480,0,0,2631,1393,5
7481,0,0,2631,595,5
7482,0,0,2631,2732,5
7483,0,0,2631,5532,5
7484,0,0,2632,1520,5
7485,0,0,2632,5239,5
7486,0,0,2632,1687,5
7487,0,0,2632,48,5
7488,0,0,2632,2017,5
7489,0,0,2632,5232,5
7490,0,0,2632,5333,5
7491,0,0,2633,1172,5
7492,0,0,2634,3573,5
7493,1,1,2634,3506,5
7494,0,0,2635,4732,5
7495,0,1,2638,5972,5
7496,0,0,2638,1086,5
7497,1,0,2639,1512,5
7498,0,0,2640,4401,5
7499,0,0,2644,1259,5
7500,0,0,2644,315,5
7501,1,1,2644,1802,5
7502,0,0,2644,3631,5
7503,0,0,2644,5948,5
7504,0,0,2644,3235,5
7505,0,0,2644,3570,5
7506,0,0,2644,3693,5
7507,0,0,2646,5037,5
7508,0,0,2646,4610,5
7509,1,0,2646,5066,5
7510,0,0,2647,2411,5
7511,0,0,2647,44,5
7512,0,0,2647,573,5
7513,0,0,2647,74,5
7514,0,0,2647,5620,5
7515,0,0,2647,5048,5
7516,0,0,2647,3549,5
7517,0,0,2647,5918,5
7518,0,0,2647,1335,5
7519,0,0,2647,2190,5
7520,1,1,2648,5588,5
7521,0,0,2650,2875,5
7522,0,0,2650,2458,5
7523,1,1,2650,4559,5
7524,0,0,2652,1623,5
7525,1,1,2652,463,5
7526,0,0,2652,2287,5
7527,0,0,2652,3826,5
7528,0,0,2652,6026,5
7529,0,0,2652,3199,5
7530,0,0,2652,3736,5
7531,0,0,2652,4613,5
7532,0,0,2654,723,5
7533,0,0,2655,2053,5
7534,0,0,2655,443,5
7535,0,0,2655,1109,5
7536,0,0,2655,836,5
7537,1,1,2655,3924,5
7538,0,0,2655,3917,5
7539,0,0,2655,5152,5
7540,0,0,2655,1151,5
7541,0,0,2655,1658,5
7542,0,0,2659,1415,5
7543,0,0,2659,3383,5
7544,0,0,2659,1999,5
7545,0,0,2659,21,5
7546,0,0,2659,2725,5
7547,0,0,2659,3024,5
7548,0,0,2659,4706,5
7549,0,0,2660,1916,5
7550,0,0,2660,906,5
7551,0,0,2660,2793,5
7552,0,0,2660,4221,5
7553,0,0,2660,5933,5
7554,0,0,2660,3616,5
7555,0,0,2660,4200,5
7556,0,0,2660,5187,5
7557,0,0,2661,3853,5
7558,0,0,2661,113,5
7559,0,0,2661,1490,5
7560,0,0,2661,329,5
7561,0,0,2661,4916,5
7562,0,0,2661,4788,5
7563,0,0,2661,4948,5
7564,0,0,2661,2888,5
7565,0,0,2661,3038,5
7566,0,0,2662,5976,5
7567,0,0,2662,4829,5
7568,0,0,2665,3242,5
7569,1,1,2665,870,5
7570,0,0,2665,3,5
7571,0,0,2665,3203,5
7572,0,0,2667,3898,5
7573,0,0,2667,1623,5
7574,0,0,2667,2068,5
7575,0,0,2667,1664,5
7576,0,0,2667,4339,5
7577,0,0,2667,4205,5
7578,0,0,2667,4052,5
7579,0,0,2667,4872,5
7580,0,0,2667,2395,5
7581,0,0,2667,2533,5
7582,0,1,2669,5792,5
7583,0,0,2672,4379,5
7584,0,0,2672,1946,5
7585,0,0,2673,2805,5
7586,0,0,2673,2227,5
7587,1,1,2673,40,5
7588,0,0,2673,3626,5
7589,0,0,2673,4402,5
7590,0,0,2674,1099,5
7591,0,0,2674,11,5
7592,1,1,2675,3455,5
7593,0,1,2676,2822,5
7594,0,0,2678,1930,5
7595,0,0,2680,2380,5
7596,0,0,2680,1096,5
7597,0,0,2680,426,5
7598,0,0,2680,5216,5
7599,1,0,2680,5996,5
7600,0,0,2681,4920,5
7601,0,1,2682,1613,5
7602,0,0,2684,1575,5
7603,1,1,2684,1403,5
7604,0,0,2684,1295,5
7605,0,0,2684,2830,5
7606,0,0,2684,3628,5
7607,0,0,2685,4209,5
7608,0,0,2685,1508,5
7609,0,0,2685,621,5
7610,0,0,2685,1855,5
7611,0,0,2687,3558,5
7612,0,0,2688,1678,5
7613,0,0,2688,1564,5
7614,0,0,2688,1873,5
7615,0,0,2688,3692,5
7616,0,0,2688,5917,5
7617,0,0,2688,2188,5
7618,0,0,2688,3470,5
7619,0,0,2688,4633,5
7620,0,1,2689,5517,5
7621,0,0,2690,4306,5
7622,0,0,2690,1835,5
7623,0,0,2690,629,5
7624,0,0,2690,4126,5
7625,1,0,2691,5606,5
7626,0,1,2692,4442,5
7627,0,0,2692,2571,5
7628,0,0,2693,257,5
7629,0,0,2693,204,5
7630,0,0,2693,2311,5
7631,0,0,2698,4895,5
7632,0,0,2698,1170,5
7633,0,0,2699,4961,5
7634,0,0,2699,562,5
7635,0,0,2699,5987,5
7636,0,0,2700,3473,5
7637,0,0,2700,501,5
7638,0,0,2700,5458,5
7639,0,0,2704,4419,5
7640,0,0,2705,2727,5
7641,0,0,2705,1898,5
7642,0,0,2705,1678,5
7643,0,0,2705,3379,5
7644,0,0,2705,5139,5
7645,1,1,2706,384,5
7646,0,1,2708,1151,5
7647,0,0,2709,2564,5
7648,0,0,2709,698,5
7649,0,0,2710,4342,5
7650,0,1,2711,2781,5
7651,0,0,2714,4406,5
7652,0,0,2714,721,5
7653,0,0,2714,1428,5
7654,0,0,2714,957,5
7655,0,0,2714,5441,5
7656,0,0,2714,5159,5
7657,0,0,2714,5148,5
7658,0,0,2714,5872,5
7659,0,0,2714,3786,5
7660,0,0,2714,4108,5
7661,0,0,2715,4452,5
7662,0,0,2715,254,5
7663,0,0,2715,1858,5
7664,0,0,2715,1463,5
7665,0,0,2715,4749,5
7666,0,0,2715,4556,5
7667,0,0,2715,5794,5
7668,0,0,2715,2269,5
7669,0,0,2715,4244,5
7670,0,0,2718,4505,5
7671,0,0,2718,683,5
7672,0,0,2718,3124,5
7673,0,0,2718,2379,5
7674,0,0,2718,5495,5
7675,0,0,2718,5417,5
7676,0,0,2718,5264,5
7677,0,0,2718,5703,5
7678,0,0,2718,3637,5
7679,0,0,2718,4436,5
7680,0,0,2720,5130,5
7681,0,0,2720,1040,5
7682,0,0,2720,270,5
7683,0,0,2720,3194,5
7684,0,0,2722,4891,5
7685,0,0,2722,2751,5
7686,0,0,2722,553,5
7687,0,0,2722,5435,5
7688,0,0,2722,5562,5
7689,0,0,2724,1677,5
7690,0,1,2724,5648,5
7691,0,0,2724,3711,5
7692,0,0,2724,33,5
7693,0,0,2724,5335,5
7694,0,0,2724,5610,5
7695,0,0,2726,2675,5
7696,0,0,2726,5546,5
7697,0,0,2726,3831,5
7698,0,0,2726,1069,5
7699,0,0,2726,5017,5
7700,0,0,2726,5421,5
7701,0,0,2727,778,5
7702,0,0,2727,113,5
7703,0,0,2727,1650,5
7704,0,0,2727,3788,5
7705,0,0,2727,5326,5
7706,0,0,2727,2739,5
7707,0,0,2727,2775,5
7708,0,0,2727,4031,5
7709,0,0,2728,4160,5
7710,0,0,2728,431,5
7711,0,0,2728,1562,5
7712,0,0,2728,709,5
7713,0,0,2728,5306,5
7714,0,0,2728,5077,5
7715,0,0,2728,4754,5
7716,0,0,2728,5990,5
7717,0,0,2728,1962,5
7718,0,0,2728,3295,5
7719,1,1,2730,4535,5
7720,0,0,2730,4087,5
7721,0,0,2731,159,5
7722,0,0,2732,3671,5
7723,0,0,2732,542,5
7724,0,0,2732,1817,5
7725,0,0,2732,1251,5
7726,0,0,2732,5315,5
7727,0,0,2732,4700,5
7728,0,0,2732,4156,5
7729,0,0,2732,5585,5
7730,0,0,2732,1972,5
7731,0,0,2732,2781,5
7732,1,1,2733,1472,5
7733,0,0,2735,1799,5
7734,0,0,2735,837,5
7735,0,0,2735,5628,5
7736,0,0,2736,1950,5
7737,0,0,2736,21,5
7738,0,0,2736,1045,5
7739,0,0,2736,235,5
7740,0,0,2736,4087,5
7741,0,0,2736,2262,5
7742,0,0,2736,5852,5
7743,1,0,2736,1415,5
7744,0,0,2736,1759,5
7745,1,1,2737,4943,5
7746,0,0,2740,3572,5
7747,0,0,2740,5660,5
7748,1,1,2740,3918,5
7749,0,0,2740,3372,5
7750,0,0,2740,3958,5
7751,0,0,2740,4561,5
7752,0,0,2740,5724,5
7753,1,1,2741,1442,5
7754,1,0,2743,3003,5
7755,0,0,2743,338,5
7756,0,0,2743,512,5
7757,0,0,2743,510,5
7758,0,0,2743,4268,5
7759,0,0,2743,3243,5
7760,0,0,2743,3239,5
7761,0,0,2743,6038,5
7762,0,0,2743,1331,5
7763,0,0,2743,2026,5
7764,0,0,2744,5052,5
7765,0,0,2744,2281,5
7766,0,1,2744,1868,5
7767,0,0,2744,4602,5
7768,0,0,2745,2725,5
7769,0,0,2745,543,5
7770,0,0,2745,2176,5
7771,0,0,2745,1323,5
7772,0,0,2745,5136,5
7773,0,0,2745,5069,5
7774,0,0,2745,4090,5
7775,0,0,2745,5247,5
7776,0,0,2745,2449,5
7777,0,0,2745,2457,5
7778,0,1,2746,982,5
7779,0,0,2747,5559,5
7780,0,1,2748,3676,5
7781,0,0,2748,343,5
7782,0,0,2749,3211,5
7783,0,0,2749,2527,5
7784,0,0,2749,1242,5
7785,0,0,2749,3253,5
7786,0,0,2749,3588,5
7787,0,0,2751,5303,5
7788,0,0,2751,5016,5
7789,0,0,2751,5497,5
7790,0,0,2752,1487,5
7791,0,0,2752,4792,5
7792,0,0,2752,2572,5
7793,0,0,2752,1035,5
7794,0,0,2752,2903,5
7795,1,1,2752,3103,5
7796,0,0,2752,5671,5
7797,0,0,2754,1285,5
7798,0,0,2754,925,5
7799,0,0,2754,132,5
7800,1,0,2754,3810,5
7801,0,0,2754,5433,5
7802,0,0,2756,3325,5
7803,0,1,2756,1477,5
7804,0,0,2756,2091,5
7805,0,0,2756,1852,5
7806,0,0,2756,4728,5
7807,0,0,2756,3778,5
7808,0,0,2756,3664,5
7809,0,0,2756,5348,5
7810,0,0,2756,2423,5
7811,0,0,2756,2579,5
7812,0,0,2757,3285,5
7813,0,0,2759,459,5
7814,0,0,2759,173,5
7815,0,0,2759,1860,5
7816,0,0,2759,3225,5
7817,0,0,2759,5155,5
7818,0,0,2759,2682,5
7819,0,0,2759,2936,5
7820,0,0,2759,5053,5
7821,0,0,2760,1725,5
7822,0,0,2760,5105,5
7823,0,0,2760,2368,5
7824,0,0,2760,221,5
7825,0,0,2760,2942,5
7826,0,0,2760,4030,5
7827,0,0,2760,5843,5
7828,0,0,2761,5838,5
7829,0,0,2762,4086,5
7830,0,0,2762,2116,5
7831,0,0,2762,3037,5
7832,0,0,2762,2643,5
7833,0,0,2762,5079,5
7834,0,0,2762,4590,5
7835,0,0,2762,4164,5
7836,0,0,2762,5510,5
7837,0,0,2762,3138,5
7838,0,0,2762,3917,5
7839,0,0,2763,1294,5
7840,1,1,2763,1238,5
7841,0,0,2763,2296,5
7842,0,0,2764,1201,5
7843,0,0,2764,973,5
7844,0,0,2765,5807,5
7845,0,0,2765,1288,5
7846,1,1,2765,6027,5
7847,0,0,2766,4733,5
7848,0,1,2766,3587,5
7849,0,0,2766,2582,5
7850,0,0,2766,4759,5
7851,0,0,2766,5920,5
7852,0,0,2767,5869,5
7853,0,0,2768,960,5
7854,0,0,2768,6022,5
7855,0,0,2768,1890,5
7856,0,0,2768,371,5
7857,0,0,2768,2852,5
7858,0,0,2768,5348,5
7859,0,0,2770,5590,5
7860,0,0,2770,578,5
7861,0,0,2771,5509,5
7862,0,0,2771,2684,5
7863,0,0,2773,2267,5
7864,0,0,2773,5481,5
7865,0,0,2773,3413,5
7866,0,0,2773,371,5
7867,0,0,2773,4043,5
7868,0,0,2773,4549,5
7869,0,0,2774,1817,5
7870,0,0,2774,1377,5
7871,1,1,2776,5743,5
7872,0,0,2776,526,5
7873,0,0,2777,2395,5
7874,0,0,2777,5104,5
7875,0,0,2777,3330,5
7876,0,0,2777,1623,5
7877,1,1,2777,4205,5
7878,0,0,2777,4872,5
7879,0,0,2779,4855,5
7880,0,0,2779,50,5
7881,0,0,2780,5416,5
7882,1,1,2780,1224,5
7883,0,0,2780,46,5
7884,0,0,2780,1771,5
7885,0,0,2781,5719,5
7886,1,1,2781,2571,5
7887,0,0,2782,2440,5
7888,0,0,2782,159,5
7889,1,1,2782,3827,5
7890,0,0,2783,3754,5
7891,1,1,2783,2528,5
7892,0,0,2783,1375,5
7893,0,0,2783,4646,5
7894,0,0,2783,6031,5
7895,0,0,2784,1039,5
7896,0,0,2784,3258,5
7897,0,0,2784,2474,5
7898,0,0,2784,590,5
7899,0,0,2784,3152,5
7900,0,0,2784,3178,5
7901,0,0,2784,5297,5
7902,1,0,2785,4617,5
7903,0,0,2785,481,5
7904,0,0,2786,3775,5
7905,1,1,2786,839,5
7906,0,0,2786,100,5
7907,0,0,2786,3564,5
7908,0,1,2787,5334,5
7909,0,0,2789,6044,5
7910,0,0,2789,3617,5
7911,0,0,2789,1286,5
7912,0,1,2789,4396,5
7913,0,0,2791,1785,5
7914,0,0,2792,3125,5
7915,0,0,2792,28,5
7916,0,0,2792,549,5
7917,0,0,2792,403,5
7918,0,0,2792,3783,5
7919,0,0,2792,3592,5
7920,0,0,2792,5312,5
7921,0,0,2792,635,5
7922,0,0,2792,783,5
7923,0,0,2793,5882,5
7924,0,0,2793,4469,5
7925,0,1,2793,2851,5
7926,0,0,2793,4724,5
7927,0,0,2794,4895,5
7928,0,0,2794,3708,5
7929,0,0,2795,5274,5
7930,0,0,2795,3225,5
7931,0,0,2795,897,5
7932,0,0,2795,5030,5
7933,0,0,2796,2866,5
7934,0,0,2796,466,5
7935,0,0,2796,1236,5
7936,0,0,2796,535,5
7937,0,0,2796,4952,5
7938,0,0,2796,3222,5
7939,0,0,2796,2975,5
7940,0,0,2796,5698,5
7941,0,0,2796,1429,5
7942,0,0,2796,1753,5
7943,0,0,2800,4305,5
7944,1,1,2800,2138,5
7945,0,0,2800,41,5
7946,0,0,2800,3807,5
7947,0,0,2801,646,5
7948,0,0,2801,4361,5
7949,0,1,2801,694,5
7950,0,0,2801,541,5
7951,0,0,2801,3007,5
7952,0,0,2801,4221,5
7953,0,0,2801,4414,5
7954,0,0,2802,2812,5
7955,0,0,2802,1316,5
7956,0,0,2802,68,5
7957,0,0,2802,4551,5
7958,0,0,2802,5746,5
7959,1,1,2803,5199,5
7960,0,0,2804,199,5
7961,0,0,2804,106,5
7962,0,0,2804,2268,5
7963,0,0,2804,3312,5
7964,0,0,2804,4968,5
7965,0,0,2804,2848,5
7966,0,1,2804,3305,5
7967,0,0,2804,4579,5
7968,1,0,2806,1455,5
7969,1,1,2809,4955,5
7970,0,0,2810,3648,5
7971,0,1,2810,1636,5
7972,0,0,2810,4719,5
7973,0,0,2812,670,5
7974,0,0,2812,268,5
7975,0,0,2812,1804,5
7976,0,0,2812,3825,5
7977,0,0,2812,4408,5
7978,0,0,2812,2987,5
7979,0,0,2812,3485,5
7980,0,0,2812,4011,5
7981,0,0,2814,1691,5
7982,0,0,2814,831,5
7983,0,0,2814,1741,5
7984,0,0,2814,4262,5
7985,0,0,2814,5131,5
7986,0,0,2814,1781,5
7987,0,0,2814,3799,5
7988,0,0,2814,4927,5
7989,1,1,2815,5524,5
7990,0,0,2815,3326,5
7991,1,1,2816,5044,5
7992,0,0,2816,1408,5
7993,0,0,2816,209,5
7994,0,0,2816,3085,5
7995,0,0,2817,3109,5
7996,0,0,2818,4218,5
7997,0,0,2818,3470,5
7998,0,0,2823,3895,5
7999,0,0,2823,1917,5
8000,0,1,2823,5252,5
8001,0,0,2824,2793,5
8002,0,0,2824,2510,5
8003,0,0,2824,198,5
8004,0,0,2824,4503,5
8005,0,0,2824,5021,5
8006,0,0,2826,1737,5
8007,0,0,2827,3682,5
8008,0,0,2827,509,5
8009,0,0,2827,1625,5
8010,0,0,2827,540,5
8011,0,0,2827,4749,5
8012,0,0,2827,4075,5
8013,0,0,2827,3958,5
8014,0,0,2827,5679,5
8015,0,0,2827,3383,5
8016,0,0,2827,3416,5
8017,0,0,2829,2144,5
8018,0,0,2829,1275,5
8019,1,1,2829,3478,5
8020,0,0,2830,2022,5
8021,0,1,2830,874,5
8022,0,1,2831,4086,5
8023,0,0,2831,3917,5
8024,0,0,2831,2116,5
8025,0,0,2831,4164,5
8026,0,0,2831,4590,5
8027,0,0,2832,926,5
8028,0,0,2832,4721,5
8029,0,0,2832,1380,5
8030,0,0,2832,367,5
8031,0,0,2832,1997,5
8032,0,0,2832,3791,5
8033,0,0,2833,3417,5
8034,0,0,2833,2125,5
8035,0,0,2834,2915,5
8036,0,0,2834,1251,5
8037,0,0,2834,1680,5
8038,0,0,2834,1484,5
8039,0,0,2834,4872,5
8040,0,0,2834,4345,5
8041,0,0,2834,4205,5
8042,0,0,2834,5104,5
8043,0,0,2834,2068,5
8044,0,0,2834,2395,5
8045,1,1,2837,1763,5
8046,0,0,2838,5933,5
8047,0,0,2838,1460,5
8048,0,0,2838,889,5
8049,0,0,2838,2472,5
8050,0,0,2839,3915,5
8051,0,0,2839,170,5
8052,0,0,2839,631,5
8053,0,0,2839,268,5
8054,0,0,2839,4422,5
8055,0,0,2839,3964,5
8056,0,0,2839,3918,5
8057,0,0,2839,5858,5
8058,0,0,2839,842,5
8059,0,0,2839,3456,5
8060,0,0,2840,1785,5
8061,0,0,2841,1421,5
8062,0,0,2841,5206,5
8063,0,0,2841,2842,5
8064,0,0,2841,166,5
8065,0,0,2841,3108,5
8066,0,0,2841,4006,5
8067,0,1,2842,4590,5
8068,0,0,2842,1930,5
8069,0,0,2844,740,5
8070,0,0,2844,652,5
8071,0,0,2844,954,5
8072,0,0,2844,3258,5
8073,0,0,2844,4132,5
8074,0,0,2844,2489,5
8075,0,0,2844,2510,5
8076,0,0,2844,3684,5
8077,0,0,2845,2761,5
8078,1,1,2845,2519,5
8079,0,0,2845,5055,5
8080,0,0,2846,3927,5
8081,0,0,2846,160,5
8082,0,0,2846,1781,5
8083,0,0,2846,1205,5
8084,1,1,2846,4962,5
8085,0,0,2846,4206,5
8086,0,0,2846,5838,5
8087,0,0,2846,2430,5
8088,0,0,2846,2884,5
8089,1,1,2848,4047,5
8090,0,0,2848,3709,5
8091,1,0,2850,4840,5
8092,0,0,2852,4610,5
8093,0,0,2852,2527,5
8094,0,0,2852,5925,5
8095,0,0,2853,4347,5
8096,0,0,2853,3410,5
8097,0,0,2853,3953,5
8098,0,0,2853,3572,5
8099,0,0,2853,5605,5
8100,0,0,2853,5427,5
8101,0,0,2853,5082,5
8102,0,0,2853,5791,5
8103,0,0,2853,3956,5
8104,0,0,2853,4136,5
8105,0,0,2857,2556,5
8106,0,0,2857,2027,5
8107,0,0,2859,596,5
8108,1,1,2859,566,5
8109,0,0,2859,2768,5
8110,0,0,2860,2386,5
8111,0,0,2860,428,5
8112,0,0,2860,1929,5
8113,0,0,2860,728,5
8114,0,0,2860,5078,5
8115,0,0,2860,4810,5
8116,0,0,2860,3956,5
8117,0,0,2860,5970,5
8118,0,0,2860,2045,5
8119,0,0,2860,2194,5
8120,0,0,2861,1045,5
8121,0,0,2861,2681,5
8122,1,0,2861,1658,5
8123,0,0,2861,443,5
8124,0,0,2861,2204,5
8125,0,0,2861,2280,5
8126,0,0,2861,3078,5
8127,0,0,2862,4294,5
8128,0,0,2862,1233,5
8129,0,0,2862,624,5
8130,0,0,2862,3290,5
8131,0,0,2863,4599,5
8132,1,0,2863,1764,5
8133,0,0,2864,6047,5
8134,0,0,2864,5116,5
8135,0,0,2864,581,5
8136,1,1,2864,5171,5
8137,0,0,2865,2812,5
8138,0,0,2865,1316,5
8139,0,0,2866,1739,5
8140,0,0,2866,993,5
8141,0,0,2872,1658,5
8142,0,0,2872,4649,5
8143,0,0,2872,2204,5
8144,0,0,2872,596,5
8145,0,0,2872,2668,5
8146,0,0,2872,3078,5
8147,0,0,2876,1779,5
8148,1,0,2876,597,5
8149,0,0,2877,958,5
8150,0,0,2878,1569,5
8151,1,0,2878,1388,5
8152,0,0,2879,3405,5
8153,0,0,2879,305,5
8154,0,0,2879,3797,5
8155,0,0,2879,4680,5
8156,0,0,2879,5494,5
8157,0,0,2879,4489,5
8158,0,0,2879,4514,5
8159,0,0,2879,4721,5
8160,0,1,2881,1489,5
8161,1,1,2882,2975,5
8162,0,0,2883,4651,5
8163,1,0,2883,3166,5
8164,0,0,2884,4419,5
8165,0,0,2884,3547,5
8166,0,0,2884,5607,5
8167,0,0,2885,2853,5
8168,0,0,2885,287,5
8169,0,0,2885,935,5
8170,0,0,2885,694,5
8171,0,0,2885,4171,5
8172,0,0,2885,3737,5
8173,0,0,2885,4844,5
8174,0,0,2885,1860,5
8175,0,0,2885,1983,5
8176,0,0,2886,2475,5
8177,0,0,2886,28,5
8178,0,0,2886,1244,5
8179,0,0,2886,1096,5
8180,0,0,2886,5502,5
8181,0,0,2886,4942,5
8182,0,0,2886,3274,5
8183,0,0,2886,5852,5
8184,0,0,2886,1892,5
8185,0,0,2886,1983,5
8186,1,1,2887,2592,5
8187,0,0,2887,30,5
8188,0,0,2888,2248,5
8189,0,0,2889,3589,5
8190,0,0,2889,2558,5
8191,0,0,2889,6019,5
8192,0,0,2890,1779,5
8193,0,0,2890,597,5
8194,0,0,2892,1095,5
8195,0,0,2892,414,5
8196,0,0,2892,1590,5
8197,0,0,2892,4908,5
8198,0,0,2892,5258,5
8199,1,1,2892,2911,5
8200,0,0,2892,3481,5
8201,0,0,2892,5255,5
8202,0,0,2896,3886,5
8203,0,0,2896,256,5
8204,1,0,2896,5172,5
8205,0,0,2898,4665,5
8206,0,1,2898,1647,5
8207,0,0,2898,5697,5
8208,0,0,2900,3897,5
8209,0,0,2900,233,5
8210,0,0,2900,1886,5
8211,0,0,2900,760,5
8212,0,0,2900,5173,5
8213,0,0,2900,4339,5
8214,0,0,2900,4246,5
8215,1,0,2900,5815,5
8216,0,0,2900,2379,5
8217,0,0,2900,3596,5
8218,0,0,2901,2923,5
8219,0,0,2901,521,5
8220,0,0,2901,5633,5
8221,0,0,2902,3285,5
8222,0,0,2903,4431,5
8223,0,0,2903,267,5
8224,0,0,2903,1333,5
8225,0,0,2903,329,5
8226,0,0,2903,5052,5
8227,0,0,2903,4876,5
8228,0,0,2903,5203,5
8229,0,0,2903,2048,5
8230,0,0,2903,3299,5
8231,0,0,2904,380,5
8232,0,0,2904,261,5
8233,0,0,2904,527,5
8234,0,0,2904,3489,5
8235,0,0,2904,4678,5
8236,0,0,2904,2199,5
8237,1,1,2904,2233,5
8238,0,0,2904,4500,5
8239,0,0,2906,975,5
8240,0,1,2906,5100,5
8241,0,0,2906,1475,5
8242,0,0,2906,20,5
8243,0,0,2906,2089,5
8244,0,0,2906,5013,5
8245,0,0,2908,1446,5
8246,0,0,2908,735,5
8247,1,1,2908,347,5
8248,0,0,2908,2998,5
8249,0,0,2908,3710,5
8250,1,1,2911,652,5
8251,0,0,2911,425,5
8252,0,0,2912,2552,5
8253,0,0,2912,5739,5
8254,0,0,2912,3661,5
8255,0,0,2912,669,5
8256,0,0,2912,4434,5
8257,0,0,2912,5455,5
8258,0,0,2912,5817,5
8259,0,0,2913,2447,5
8260,0,0,2913,1335,5
8261,1,1,2913,5239,5
8262,1,1,2914,5384,5
8263,0,0,2915,3574,5
8264,0,0,2915,511,5
8265,0,0,2915,4346,5
8266,0,0,2916,1891,5
8267,0,0,2916,5755,5
8268,0,0,2916,2653,5
8269,0,0,2916,1718,5
8270,0,0,2916,3754,5
8271,0,0,2916,4591,5
8272,0,0,2917,2167,5
8273,0,0,2917,1062,5
8274,0,0,2917,3173,5
8275,0,0,2918,1066,5
8276,0,0,2918,172,5
8277,0,0,2918,1384,5
8278,0,0,2918,3547,5
8279,0,0,2918,5607,5
8280,0,0,2918,2325,5
8281,0,0,2918,3212,5
8282,0,0,2918,4419,5
8283,0,0,2919,4203,5
8284,0,0,2921,2849,5
8285,0,0,2921,102,5
8286,0,0,2921,472,5
8287,0,0,2921,347,5
8288,0,0,2921,4906,5
8289,0,0,2921,4456,5
8290,0,0,2921,3574,5
8291,0,0,2921,5675,5
8292,0,0,2921,1616,5
8293,0,0,2921,1712,5
8294,1,1,2923,3967,5
8295,0,0,2924,5161,5
8296,0,0,2924,3807,5
8297,0,0,2924,2138,5
8298,0,0,2924,4305,5
8299,0,0,2925,1014,5
8300,0,0,2929,5390,5
8301,0,0,2929,62,5
8302,0,1,2930,4208,5
8303,0,1,2931,5901,5
8304,1,1,2933,3703,5
8305,0,0,2933,480,5
8306,0,0,2933,314,5
8307,0,0,2933,4003,5
8308,0,0,2933,5797,5
8309,0,0,2934,4282,5
8310,0,0,2934,561,5
8311,0,0,2934,2834,5
8312,0,0,2934,2781,5
8313,0,0,2934,5007,5
8314,0,0,2934,4438,5
8315,0,0,2934,5546,5
8316,0,0,2934,3290,5
8317,0,0,2934,3671,5
8318,0,0,2935,839,5
8319,0,0,2937,5148,5
8320,1,0,2937,4471,5
8321,0,0,2937,5441,5
8322,1,1,2938,3028,5
8323,0,0,2939,5627,5
8324,0,0,2939,2613,5
8325,0,0,2939,2504,5
8326,0,0,2939,5536,5
8327,0,0,2940,5183,5
8328,0,0,2940,50,5
8329,0,0,2940,1849,5
8330,0,0,2940,1390,5
8331,0,0,2940,5498,5
8332,0,0,2940,5453,5
8333,0,0,2940,5338,5
8334,0,0,2940,5758,5
8335,0,0,2940,2224,5
8336,0,0,2940,4102,5
8337,0,0,2941,302,5
8338,0,0,2941,4819,5
8339,0,0,2941,899,5
8340,0,0,2941,163,5
8341,0,0,2941,2870,5
8342,0,0,2941,3038,5
8343,0,0,2942,3679,5
8344,0,0,2942,280,5
8345,0,0,2942,2341,5
8346,0,0,2942,1565,5
8347,0,0,2942,4505,5
8348,0,0,2942,3717,5
8349,0,0,2942,3683,5
8350,0,0,2942,5703,5
8351,0,0,2942,2652,5
8352,0,0,2942,3621,5
8353,0,0,2943,4826,5
8354,0,0,2943,830,5
8355,0,0,2943,5503,5
8356,0,0,2944,2352,5
8357,0,0,2944,841,5
8358,0,0,2944,217,5
8359,0,0,2944,2411,5
8360,0,0,2944,5620,5
8361,0,0,2948,5876,5
8362,0,0,2949,2966,5
8363,0,0,2949,542,5
8364,0,0,2949,1827,5
8365,0,0,2949,570,5
8366,0,0,2949,4245,5
8367,0,0,2949,3926,5
8368,0,0,2949,3622,5
8369,0,0,2949,5341,5
8370,0,0,2949,1981,5
8371,0,0,2949,2366,5
8372,0,1,2950,353,5
8373,1,1,2954,2774,5
8374,0,0,2957,4118,5
8375,0,0,2957,339,5
8376,0,0,2957,878,5
8377,0,0,2957,820,5
8378,0,0,2957,5926,5
8379,0,0,2957,5216,5
8380,0,0,2957,4122,5
8381,0,0,2957,5996,5
8382,0,0,2957,2988,5
8383,0,0,2957,3273,5
8384,1,1,2959,4129,5
8385,1,1,2960,1539,5
8386,0,0,2960,601,5
8387,0,0,2961,1372,5
8388,0,0,2962,2191,5
8389,0,0,2962,1628,5
8390,0,0,2962,4860,5
8391,0,0,2963,1900,5
8392,0,1,2963,1609,5
8393,0,0,2963,2696,5
8394,0,0,2964,4038,5
8395,0,0,2964,2979,5
8396,1,1,2964,1257,5
8397,0,0,2964,3942,5
8398,0,0,2965,5510,5
8399,0,0,2965,3485,5
8400,0,0,2966,4208,5
8401,0,0,2967,3789,5
8402,0,1,2967,1277,5
8403,0,0,2968,3548,5
8404,0,0,2968,1900,5
8405,0,0,2969,3073,5
8406,1,0,2969,376,5
8407,0,0,2969,1452,5
8408,0,0,2969,1285,5
8409,0,0,2969,4988,5
8410,0,0,2969,4474,5
8411,0,0,2969,4158,5
8412,0,0,2969,5379,5
8413,0,0,2969,2577,5
8414,0,0,2969,2969,5
8415,0,0,2970,5611,5
8416,0,0,2970,4679,5
8417,0,0,2970,2542,5
8418,0,0,2970,5015,5
8419,0,0,2972,3242,5
8420,0,0,2972,3203,5
8421,0,0,2973,935,5
8422,0,0,2973,2447,5
8423,0,0,2973,1150,5
8424,0,0,2973,573,5
8425,0,0,2973,1335,5
8426,0,0,2973,2064,5
8427,0,0,2973,4577,5
8428,0,1,2974,4833,5
8429,0,0,2975,3130,5
8430,0,0,2975,1895,5
8431,1,0,2976,1971,5
8432,0,0,2978,2300,5
8433,1,0,2980,2987,5
8434,0,0,2982,5241,5
8435,0,0,2982,2442,5
8436,0,0,2982,1422,5
8437,0,0,2982,3629,5
8438,0,1,2983,4097,5
8439,0,0,2984,3120,5
8440,0,0,2984,922,5
8441,0,0,2984,4187,5
8442,0,0,2985,2492,5
8443,0,1,2985,1690,5
8444,0,0,2987,615,5
8445,0,0,2987,4809,5
8446,0,0,2987,2657,5
8447,0,0,2987,5,5
8448,0,0,2987,2965,5
8449,0,0,2987,3017,5
8450,0,0,2987,5811,5
8451,1,1,2989,892,5
8452,0,0,2991,4424,5
8453,0,0,2991,3221,5
8454,0,0,2994,3879,5
8455,0,0,2995,2214,5
8456,0,0,2995,5897,5
8457,0,0,2995,3172,5
8458,0,0,2995,1945,5
8459,0,0,2995,3445,5
8460,1,1,2995,3930,5
8461,0,0,2997,3322,5
8462,0,0,2997,4725,5
8463,0,0,2997,3788,5
8464,0,0,2997,1030,5
8465,0,0,2997,4210,5
8466,0,0,2997,4502,5
8467,0,1,2998,4707,5
8468,1,1,2999,5573,5
8469,0,0,3000,2999,5
8470,0,0,3000,84,5
8471,0,0,3000,925,5
8472,0,0,3000,85,5
8473,0,0,3000,3810,5
8474,0,0,3000,3073,5
8475,1,0,3000,4944,5
8476,0,0,3000,1285,5
8477,0,0,3000,1367,5
8478,1,1,3001,4482,5
8479,0,0,3002,631,5
8480,0,0,3002,193,5
8481,0,0,3002,1527,5
8482,0,0,3002,4282,5
8483,0,0,3002,4957,5
8484,0,0,3002,2500,5
8485,1,1,3002,4264,5
8486,0,0,3002,4495,5
8487,0,0,3003,2755,5
8488,0,0,3003,3,5
8489,0,0,3003,4172,5
8490,0,0,3003,4832,5
8491,0,0,3003,5489,5
8492,0,0,3003,4389,5
8493,0,0,3003,4813,5
8494,0,0,3003,5476,5
8495,0,0,3004,4702,5
8496,0,0,3004,2027,5
8497,0,0,3004,1900,5
8498,0,0,3004,2883,5
8499,0,0,3005,2353,5
8500,0,0,3006,3653,5
8501,1,0,3006,92,5
8502,0,0,3007,4120,5
8503,0,0,3007,2551,5
8504,0,0,3009,3630,5
8505,0,0,3009,1148,5
8506,0,0,3009,2350,5
8507,0,0,3009,2069,5
8508,0,1,3009,5985,5
8509,0,0,3009,5700,5
8510,0,0,3009,4504,5
8511,0,0,3009,6025,5
8512,0,0,3009,3296,5
8513,0,0,3009,3571,5
8514,0,0,3010,651,5
8515,0,0,3010,360,5
8516,0,0,3010,1344,5
8517,0,0,3011,1759,5
8518,0,0,3011,929,5
8519,0,0,3015,3969,5
8520,0,0,3015,811,5
8521,0,0,3015,5635,5
8522,1,1,3016,4126,5
8523,0,0,3016,1540,5
8524,0,0,3017,5852,5
8525,1,0,3018,5599,5
8526,0,1,3020,764,5
8527,1,1,3021,4184,5
8528,0,0,3022,3835,5
8529,0,0,3022,1744,5
8530,0,0,3022,1371,5
8531,0,0,3022,3143,5
8532,0,0,3023,4480,5
8533,0,0,3023,870,5
8534,0,0,3023,2238,5
8535,0,0,3023,1470,5
8536,0,0,3023,5489,5
8537,0,0,3023,4994,5
8538,0,0,3023,5608,5
8539,0,0,3023,2359,5
8540,0,0,3023,4054,5
8541,0,0,3024,5450,5
8542,1,0,3024,5356,5
8543,0,0,3025,5880,5
8544,0,0,3025,5462,5
8545,0,0,3026,3477,5
8546,0,0,3026,800,5
8547,0,0,3026,2616,5
8548,0,0,3026,1807,5
8549,0,0,3026,5627,5
8550,0,0,3026,5218,5
8551,0,0,3026,5169,5
8552,0,0,3026,5860,5
8553,0,0,3026,2877,5
8554,0,0,3026,2926,5
8555,0,0,3028,427,5
8556,0,0,3028,5183,5
8557,0,0,3028,1251,5
8558,1,1,3028,103,5
8559,0,0,3028,1972,5
8560,0,0,3028,4691,5
8561,0,0,3030,4556,5
8562,0,0,3030,2179,5
8563,1,1,3030,1858,5
8564,0,0,3030,2779,5
8565,0,0,3031,6048,5
8566,0,0,3031,5071,5
8567,0,0,3032,186,5
8568,0,0,3032,2605,5
8569,0,0,3032,908,5
8570,0,0,3032,58,5
8571,0,0,3032,1406,5
8572,0,0,3032,2401,5
8573,0,0,3032,3333,5
8574,0,0,3034,5238,5
8575,0,0,3034,3028,5
8576,0,0,3036,994,5
8577,0,1,3037,3280,5
8578,0,0,3038,3444,5
8579,0,0,3038,632,5
8580,0,0,3039,2546,5
8581,0,0,3039,2097,5
8582,0,0,3039,3985,5
8583,0,0,3040,1833,5
8584,0,1,3040,1159,5
8585,0,0,3040,2814,5
8586,0,0,3041,3014,5
8587,0,0,3041,847,5
8588,0,0,3041,1235,5
8589,0,0,3041,889,5
8590,0,0,3041,3950,5
8591,0,0,3041,3716,5
8592,0,0,3041,3568,5
8593,0,0,3041,4233,5
8594,0,0,3041,1344,5
8595,0,0,3041,1494,5
8596,1,1,3042,177,5
8597,1,1,3043,3720,5
8598,0,0,3044,3438,5
8599,0,0,3044,170,5
8600,0,0,3044,1569,5
8601,0,0,3044,706,5
8602,0,0,3044,4410,5
8603,0,0,3044,4000,5
8604,0,0,3044,5005,5
8605,0,0,3044,1703,5
8606,0,0,3044,2664,5
8607,0,0,3045,4668,5
8608,1,1,3045,2152,5
8609,0,0,3045,401,5
8610,0,0,3045,4402,5
8611,0,0,3046,1852,5
8612,0,0,3046,302,5
8613,0,0,3046,2129,5
8614,0,0,3047,2892,5
8615,0,0,3048,2856,5
8616,0,0,3048,2795,5
8617,0,0,3048,3903,5
8618,1,1,3049,910,5
8619,0,1,3050,4039,5
8620,0,0,3050,2935,5
8621,0,0,3051,3785,5
8622,0,0,3052,2914,5
8623,0,0,3054,4632,5
8624,1,1,3054,2222,5
8625,0,0,3055,52,5
8626,1,1,3055,2814,5
8627,0,0,3055,315,5
8628,0,0,3055,5,5
8629,0,0,3055,1271,5
8630,0,0,3055,2374,5
8631,1,1,3056,5851,5
8632,0,0,3057,4051,5
8633,0,0,3057,548,5
8634,0,0,3057,2006,5
8635,0,0,3057,1641,5
8636,0,0,3057,5675,5
8637,0,0,3057,4860,5
8638,0,0,3057,5987,5
8639,0,0,3057,3540,5
8640,0,0,3057,3839,5
8641,0,0,3058,3718,5
8642,0,0,3058,1297,5
8643,0,0,3058,1981,5
8644,0,0,3058,1683,5
8645,0,0,3058,5516,5
8646,0,0,3058,5403,5
8647,0,0,3058,4965,5
8648,0,0,3058,5566,5
8649,0,0,3058,2667,5
8650,0,0,3058,3658,5
8651,0,1,3059,3895,5
8652,0,1,3061,577,5
8653,0,0,3062,4753,5
8654,0,0,3062,64,5
8655,0,0,3064,2248,5
8656,0,0,3067,2327,5
8657,0,0,3069,3277,5
8658,0,0,3071,5208,5
8659,1,1,3071,3155,5
8660,0,0,3072,3388,5
8661,0,0,3072,1207,5
8662,0,0,3072,1264,5
8663,0,0,3072,1212,5
8664,0,0,3072,4107,5
8665,0,0,3072,4089,5
8666,0,0,3072,4058,5
8667,0,0,3072,4861,5
8668,0,0,3072,2391,5
8669,0,0,3072,3083,5
8670,1,1,3073,4570,5
8671,0,0,3073,4419,5
8672,1,1,3075,4448,5
8673,0,0,3078,5607,5
8674,0,0,3078,4419,5
8675,0,0,3080,3374,5
8676,0,0,3080,797,5
8677,0,0,3080,2286,5
8678,0,0,3080,1356,5
8679,0,0,3080,4682,5
8680,0,0,3080,3926,5
8681,0,0,3080,3452,5
8682,0,0,3080,5937,5
8683,0,0,3080,2915,5
8684,0,0,3080,3094,5
8685,1,1,3081,5871,5
8686,0,0,3081,948,5
8687,0,0,3082,1373,5
8688,0,0,3082,3907,5
8689,0,0,3082,2312,5
8690,0,0,3082,208,5
8691,0,0,3082,2323,5
8692,0,0,3082,3535,5
8693,0,0,3082,4769,5
8694,0,0,3084,1235,5
8695,0,0,3085,5336,5
8696,0,0,3085,4553,5
8697,0,0,3086,3232,5
8698,0,0,3086,1763,5
8699,1,1,3086,3272,5
8700,0,0,3087,3421,5
8701,0,0,3087,353,5
8702,0,0,3087,1471,5
8703,0,0,3087,778,5
8704,0,0,3087,4418,5
8705,0,0,3087,3908,5
8706,0,0,3087,5677,5
8707,1,1,3087,1836,5
8708,0,0,3087,3290,5
8709,0,0,3088,4003,5
8710,1,1,3088,259,5
8711,1,1,3089,4984,5
8712,0,0,3090,2264,5
8713,0,0,3090,2096,5
8714,0,0,3090,211,5
8715,0,0,3090,3585,5
8716,0,0,3090,4121,5
8717,0,0,3091,2308,5
8718,0,0,3091,214,5
8719,0,0,3091,3359,5
8720,0,0,3091,4249,5
8721,0,0,3091,5498,5
8722,0,0,3091,3627,5
8723,0,0,3091,3695,5
8724,0,0,3091,5311,5
8725,0,0,3092,3452,5
8726,0,0,3092,43,5
8727,0,0,3092,1517,5
8728,0,0,3092,476,5
8729,0,0,3092,5076,5
8730,0,0,3092,3994,5
8731,0,0,3092,3496,5
8732,0,0,3092,5267,5
8733,0,0,3092,1830,5
8734,0,0,3092,3332,5
8735,0,0,3093,4593,5
8736,0,0,3093,347,5
8737,0,0,3093,3198,5
8738,0,0,3093,421,5
8739,0,0,3093,5615,5
8740,0,0,3093,5047,5
8741,0,0,3093,5906,5
8742,0,0,3093,3250,5
8743,0,0,3093,3861,5
8744,0,1,3094,5539,5
8745,0,0,3095,424,5
8746,0,0,3096,5253,5
8747,0,0,3096,2720,5
8748,0,0,3096,260,5
8749,0,1,3096,4496,5
8750,0,0,3098,3244,5
8751,0,0,3098,1763,5
8752,0,0,3098,644,5
8753,0,0,3098,3431,5
8754,0,0,3098,4545,5
8755,0,0,3099,4614,5
8756,0,0,3099,270,5
8757,0,0,3099,654,5
8758,0,0,3099,327,5
8759,0,0,3099,5494,5
8760,0,0,3099,5241,5
8761,0,0,3099,4724,5
8762,0,0,3099,5891,5
8763,0,0,3099,3410,5
8764,0,0,3099,4413,5
8765,0,0,3100,3023,5
8766,0,0,3101,4296,5
8767,0,0,3101,448,5
8768,0,0,3101,2749,5
8769,0,0,3101,949,5
8770,0,0,3101,4935,5
8771,0,0,3101,4802,5
8772,0,0,3101,4373,5
8773,0,0,3101,5282,5
8774,0,0,3101,3026,5
8775,0,0,3101,3488,5
8776,0,0,3102,3218,5
8777,0,0,3102,388,5
8778,0,0,3102,2426,5
8779,0,0,3102,2386,5
8780,0,0,3102,3846,5
8781,0,0,3102,3288,5
8782,0,0,3102,5783,5
8783,1,1,3102,2485,5
8784,0,0,3102,2983,5
8785,0,0,3103,72,5
8786,0,0,3107,1816,5
8787,0,0,3107,63,5
8788,0,0,3107,783,5
8789,1,1,3107,544,5
8790,0,0,3107,3125,5
8791,0,0,3107,2616,5
8792,0,0,3107,5585,5
8793,0,0,3107,1184,5
8794,0,0,3107,1542,5
8795,0,1,3108,584,5
8796,0,0,3109,1314,5
8797,0,0,3109,438,5
8798,1,1,3109,3465,5
8799,0,0,3110,2856,5
8800,0,0,3110,2795,5
8801,0,0,3110,3903,5
8802,0,0,3111,3750,5
8803,0,1,3111,3706,5
8804,0,0,3112,5170,5
8805,0,0,3113,217,5
8806,0,0,3114,1737,5
8807,0,1,3114,1129,5
8808,1,1,3115,849,5
8809,0,0,3118,5782,5
8810,0,0,3120,3222,5
8811,0,0,3120,406,5
8812,1,1,3120,1514,5
8813,0,0,3120,1061,5
8814,0,0,3120,5698,5
8815,0,0,3120,5397,5
8816,0,0,3120,4015,5
8817,0,0,3120,5983,5
8818,0,0,3120,2182,5
8819,0,0,3120,2419,5
8820,1,1,3121,2416,5
8821,0,0,3124,934,5
8822,0,0,3124,5098,5
8823,0,0,3124,2293,5
8824,0,0,3124,791,5
8825,0,0,3124,4507,5
8826,0,0,3124,4616,5
8827,0,0,3124,5720,5
8828,0,0,3127,3689,5
8829,0,0,3127,1130,5
8830,0,0,3127,2426,5
8831,0,0,3127,2158,5
8832,0,0,3127,4473,5
8833,0,0,3127,4121,5
8834,0,0,3127,4951,5
8835,0,0,3127,2983,5
8836,0,0,3127,3425,5
8837,1,1,3128,5644,5
8838,0,0,3128,3998,5
8839,0,0,3128,1851,5
8840,0,0,3128,5265,5
8841,0,0,3129,1745,5
8842,0,0,3130,1110,5
8843,0,1,3130,390,5
8844,0,0,3132,3582,5
8845,0,0,3132,482,5
8846,0,0,3132,1145,5
8847,0,0,3132,784,5
8848,0,0,3132,4806,5
8849,0,0,3132,4275,5
8850,0,0,3132,4002,5
8851,0,0,3132,4963,5
8852,0,0,3132,1455,5
8853,0,0,3132,1474,5
8854,1,1,3133,1516,5
8855,0,0,3133,829,5
8856,0,0,3133,146,5
8857,0,0,3133,3008,5
8858,0,0,3133,4884,5
8859,1,1,3135,12,5
8860,0,0,3136,2589,5
8861,0,0,3136,1692,5
8862,0,0,3136,321,5
8863,0,0,3136,2488,5
8864,0,0,3137,2272,5
8865,0,0,3138,2648,5
8866,0,0,3138,21,5
8867,0,0,3138,2344,5
8868,0,0,3138,1351,5
8869,0,0,3138,4487,5
8870,0,0,3138,3124,5
8871,0,0,3138,5651,5
8872,0,0,3138,2420,5
8873,0,0,3138,2468,5
8874,0,0,3142,1157,5
8875,0,0,3142,5854,5
8876,0,0,3142,1776,5
8877,0,0,3142,367,5
8878,0,0,3142,3944,5
8879,0,0,3142,5455,5
8880,0,0,3143,699,5
8881,0,0,3143,50,5
8882,0,0,3143,1877,5
8883,0,0,3143,5350,5
8884,0,0,3143,5758,5
8885,0,0,3143,2179,5
8886,0,0,3143,3518,5
8887,0,0,3143,5562,5
8888,0,0,3144,5875,5
8889,1,1,3144,1249,5
8890,0,0,3145,3048,5
8891,0,0,3145,984,5
8892,0,0,3145,1723,5
8893,0,0,3145,1504,5
8894,0,0,3145,4817,5
8895,0,0,3145,4084,5
8896,0,0,3145,3330,5
8897,0,0,3145,5028,5
8898,0,0,3145,2212,5
8899,0,0,3145,2867,5
8900,0,0,3146,5187,5
8901,0,0,3146,1928,5
8902,0,0,3146,1506,5
8903,0,0,3146,2240,5
8904,0,1,3148,3757,5
8905,0,0,3150,3854,5
8906,0,0,3151,1514,5
8907,0,0,3151,780,5
8908,0,0,3152,1912,5
8909,0,0,3152,207,5
8910,0,0,3152,1251,5
8911,0,0,3152,1061,5
8912,0,0,3152,5315,5
8913,0,0,3152,1951,5
8914,0,0,3152,5337,5
8915,0,0,3152,1646,5
8916,0,0,3152,1827,5
8917,0,0,3153,4158,5
8918,0,0,3153,377,5
8919,0,0,3153,1203,5
8920,0,0,3153,781,5
8921,0,0,3153,4988,5
8922,0,0,3153,4618,5
8923,0,0,3153,4271,5
8924,0,0,3153,5432,5
8925,0,0,3153,2577,5
8926,0,0,3153,3848,5
8927,0,0,3154,2976,5
8928,0,0,3154,555,5
8929,0,0,3154,2418,5
8930,0,0,3154,1015,5
8931,0,0,3154,4414,5
8932,0,0,3154,4352,5
8933,0,0,3154,3309,5
8934,0,0,3154,5192,5
8935,0,0,3154,2483,5
8936,0,0,3154,2886,5
8937,0,0,3156,2401,5
8938,1,1,3156,186,5
8939,0,0,3156,3333,5
8940,0,0,3157,4733,5
8941,0,0,3157,1279,5
8942,0,0,3157,3132,5
8943,0,0,3157,2252,5
8944,0,0,3157,5115,5
8945,0,0,3157,4759,5
8946,0,0,3157,5920,5
8947,0,0,3157,3471,5
8948,0,0,3157,3587,5
8949,0,0,3158,4008,5
8950,0,0,3158,2815,5
8951,0,0,3158,1583,5
8952,0,0,3158,4809,5
8953,0,0,3158,5667,5
8954,1,1,3159,4418,5
8955,0,0,3159,2392,5
8956,1,1,3160,5354,5
8957,0,0,3161,1434,5
8958,1,1,3162,3067,5
8959,1,1,3163,3590,5
8960,0,0,3163,3235,5
8961,0,0,3163,5574,5
8962,0,0,3165,4285,5
8963,0,0,3165,2045,5
8964,0,0,3165,1569,5
8965,1,0,3165,3456,5
8966,0,0,3166,3772,5
8967,0,0,3166,440,5
8968,0,0,3166,2487,5
8969,0,0,3166,2361,5
8970,0,0,3166,5414,5
8971,1,0,3166,4465,5
8972,0,0,3166,3821,5
8973,0,0,3166,5447,5
8974,0,0,3166,3343,5
8975,0,0,3166,3726,5
8976,0,0,3167,4457,5
8977,0,1,3170,1959,5
8978,0,0,3170,1723,5
8979,0,0,3170,4633,5
8980,0,0,3171,3775,5
8981,0,0,3171,3550,5
8982,0,0,3171,4438,5
8983,0,0,3172,5409,5
8984,0,0,3172,2362,5
8985,0,1,3172,214,5
8986,0,0,3172,2661,5
8987,1,1,3174,5231,5
8988,0,0,3174,3737,5
8989,0,0,3175,1062,5
8990,0,0,3176,780,5
8991,0,0,3176,83,5
8992,0,0,3176,1521,5
8993,0,0,3176,3338,5
8994,0,0,3176,4127,5
8995,0,0,3176,1860,5
8996,0,0,3176,2561,5
8997,0,0,3176,4019,5
8998,0,0,3177,4366,5
8999,0,0,3177,90,5
9000,0,0,3177,2392,5
9001,0,0,3177,1476,5
9002,0,0,3177,4993,5
9003,0,0,3177,4456,5
9004,0,0,3177,5598,5
9005,0,0,3177,3012,5
9006,0,0,3177,3786,5
9007,0,0,3178,1112,5
9008,0,0,3178,541,5
9009,0,1,3178,5950,5
9010,0,0,3179,4776,5
9011,0,0,3179,735,5
9012,1,1,3179,1520,5
9013,0,0,3179,1060,5
9014,0,0,3179,5333,5
9015,0,0,3179,5167,5
9016,0,0,3179,4873,5
9017,0,0,3179,5494,5
9018,0,0,3179,2017,5
9019,0,0,3179,4239,5
9020,0,1,3181,2853,5
9021,0,0,3181,820,5
9022,0,0,3182,5502,5
9023,0,0,3182,1244,5
9024,0,0,3182,1173,5
9025,0,0,3182,1426,5
9026,0,0,3185,553,5
9027,0,0,3185,5435,5
9028,0,0,3185,870,5
9029,0,0,3185,3,5
9030,0,0,3185,3649,5
9031,0,0,3185,4542,5
9032,0,0,3185,5524,5
9033,0,0,3186,4074,5
9034,0,0,3186,2377,5
9035,0,0,3188,2152,5
9036,0,0,3188,3528,5
9037,0,0,3188,2281,5
9038,1,1,3188,75,5
9039,0,0,3188,3299,5
9040,0,0,3188,3315,5
9041,0,0,3189,5420,5
9042,1,1,3189,1060,5
9043,0,0,3189,5701,5
9044,0,1,3193,4743,5
9045,0,0,3194,2571,5
9046,0,0,3200,1372,5
9047,0,0,3200,3098,5
9048,0,0,3200,1535,5
9049,0,0,3200,675,5
9050,0,0,3200,1866,5
9051,0,0,3200,1882,5
9052,0,0,3200,5542,5
9053,0,0,3202,3322,5
9054,0,0,3202,50,5
9055,0,0,3202,1104,5
9056,0,0,3202,485,5
9057,0,0,3202,4698,5
9058,0,0,3202,4058,5
9059,0,0,3202,3640,5
9060,0,0,3202,5983,5
9061,0,0,3202,1580,5
9062,0,0,3202,3083,5
9063,0,0,3203,2120,5
9064,0,0,3203,428,5
9065,0,0,3203,1165,5
9066,0,0,3203,788,5
9067,0,0,3203,4616,5
9068,0,0,3203,3782,5
9069,0,0,3203,2191,5
9070,0,0,3203,4810,5
9071,0,0,3203,1473,5
9072,0,0,3203,1628,5
9073,0,0,3204,2280,5
9074,0,0,3204,1152,5
9075,0,0,3204,854,5
9076,0,0,3204,4204,5
9077,0,0,3204,5352,5
9078,0,0,3205,3530,5
9079,0,0,3205,233,5
9080,0,0,3205,2097,5
9081,0,0,3205,461,5
9082,0,0,3205,4339,5
9083,0,0,3205,4211,5
9084,0,0,3205,3603,5
9085,0,0,3205,5651,5
9086,0,0,3205,2462,5
9087,0,0,3205,2880,5
9088,0,0,3206,5951,5
9089,0,0,3206,5185,5
9090,0,0,3207,2661,5
9091,0,0,3207,2498,5
9092,0,0,3207,789,5
9093,0,0,3207,4322,5
9094,0,0,3207,4373,5
9095,1,1,3208,4200,5
9096,0,0,3208,2539,5
9097,0,0,3208,5464,5
9098,0,0,3209,2854,5
9099,0,0,3209,840,5
9100,0,0,3209,1999,5
9101,0,0,3209,1179,5
9102,0,0,3209,4647,5
9103,0,0,3209,3473,5
9104,0,0,3209,3127,5
9105,0,0,3209,5947,5
9106,0,0,3209,2243,5
9107,0,0,3209,2815,5
9108,0,0,3211,3996,5
9109,0,0,3211,1105,5
9110,0,0,3211,1801,5
9111,0,0,3211,1455,5
9112,0,0,3211,5183,5
9113,0,0,3211,4102,5
9114,0,0,3211,5574,5
9115,0,0,3211,3808,5
9116,1,1,3211,3852,5
9117,0,0,3212,3561,5
9118,0,0,3212,1680,5
9119,0,0,3212,2071,5
9120,0,0,3212,2068,5
9121,0,0,3212,4447,5
9122,1,0,3212,4325,5
9123,0,0,3212,3855,5
9124,0,0,3212,5226,5
9125,0,0,3212,2406,5
9126,0,0,3212,3330,5
9127,0,0,3213,4981,5
9128,0,0,3213,63,5
9129,0,0,3213,2635,5
9130,0,0,3213,2288,5
9131,0,0,3213,5449,5
9132,0,0,3213,5319,5
9133,0,0,3213,5581,5
9134,0,0,3213,3125,5
9135,0,0,3213,3845,5
9136,0,0,3214,2622,5
9137,1,1,3214,1931,5
9138,0,0,3217,465,5
9139,0,0,3219,1308,5
9140,0,0,3219,5685,5
9141,0,0,3219,2119,5
9142,0,0,3219,1262,5
9143,0,0,3219,3163,5
9144,1,1,3219,3466,5
9145,0,0,3220,3238,5
9146,0,0,3222,3703,5
9147,0,0,3222,480,5
9148,0,0,3222,331,5
9149,0,0,3222,3548,5
9150,0,0,3225,4381,5
9151,0,0,3225,5901,5
9152,0,0,3225,4713,5
9153,0,0,3225,305,5
9154,0,0,3225,5701,5
9155,0,0,3225,5796,5
9156,0,0,3225,5987,5
9157,0,0,3226,2761,5
9158,0,0,3226,2519,5
9159,0,0,3226,416,5
9160,0,0,3226,3807,5
9161,0,0,3226,4342,5
9162,0,0,3229,3702,5
9163,0,0,3229,1057,5
9164,0,0,3229,1998,5
9165,0,0,3229,1602,5
9166,0,0,3229,5667,5
9167,1,1,3229,4928,5
9168,0,0,3229,4473,5
9169,0,0,3229,5735,5
9170,0,0,3229,2983,5
9171,0,0,3229,2995,5
9172,0,0,3230,4579,5
9173,0,0,3230,2848,5
9174,0,0,3231,3664,5
9175,0,0,3231,960,5
9176,0,0,3232,5838,5
9177,0,0,3232,5136,5
9178,0,0,3232,1323,5
9179,0,0,3232,5714,5
9180,0,0,3233,3313,5
9181,1,1,3233,251,5
9182,0,0,3233,3801,5
9183,0,0,3234,1397,5
9184,0,0,3234,3028,5
9185,0,0,3234,1548,5
9186,0,0,3234,531,5
9187,0,0,3234,2043,5
9188,0,0,3234,2162,5
9189,0,0,3234,5511,5
9190,0,0,3236,2914,5
9191,0,0,3238,3495,5
9192,0,0,3238,1446,5
9193,0,0,3238,1712,5
9194,0,0,3238,1681,5
9195,0,0,3238,4486,5
9196,0,0,3238,3710,5
9197,0,0,3238,3686,5
9198,0,0,3238,5637,5
9199,0,0,3238,1732,5
9200,0,0,3238,2633,5
9201,0,0,3239,4220,5
9202,0,0,3239,1986,5
9203,0,0,3239,3842,5
9204,0,0,3239,2311,5
9205,0,0,3239,5794,5
9206,0,0,3239,5318,5
9207,0,0,3239,4367,5
9208,0,0,3239,5805,5
9209,0,0,3239,3871,5
9210,0,0,3239,4172,5
9211,0,0,3240,251,5
9212,0,1,3241,2639,5
9213,0,0,3241,2583,5
9214,0,0,3243,3227,5
9215,0,0,3243,1564,5
9216,0,0,3243,3557,5
9217,0,0,3244,3488,5
9218,0,0,3244,448,5
9219,0,0,3244,949,5
9220,0,0,3244,717,5
9221,0,0,3244,4373,5
9222,0,0,3244,4296,5
9223,0,0,3244,4802,5
9224,0,0,3244,2749,5
9225,0,0,3244,3232,5
9226,0,1,3245,2063,5
9227,0,0,3245,93,5
9228,0,0,3246,3110,5
9229,0,0,3246,2995,5
9230,0,0,3246,768,5
9231,0,0,3246,4218,5
9232,0,0,3246,4406,5
9233,0,0,3247,4646,5
9234,0,0,3247,458,5
9235,0,0,3247,1986,5
9236,0,0,3247,1493,5
9237,0,0,3247,5282,5
9238,0,0,3247,5281,5
9239,0,0,3247,4943,5
9240,0,0,3247,5766,5
9241,0,0,3247,2416,5
9242,1,1,3247,4316,5
9243,0,0,3249,4885,5
9244,1,1,3249,574,5
9245,0,0,3250,4785,5
9246,0,0,3250,4666,5
9247,0,0,3250,5614,5
9248,0,0,3251,3217,5
9249,0,0,3251,1289,5
9250,0,0,3251,4010,5
9251,0,0,3253,526,5
9252,0,0,3253,4930,5
9253,0,0,3253,1217,5
9254,0,0,3253,175,5
9255,0,0,3253,1409,5
9256,0,0,3253,3380,5
9257,0,0,3253,5599,5
9258,0,1,3254,6008,5
9259,0,1,3256,4691,5
9260,0,0,3258,3895,5
9261,0,1,3258,3512,5
9262,0,0,3260,3781,5
9263,0,0,3260,1532,5
9264,0,0,3260,2102,5
9265,0,0,3260,1938,5
9266,0,0,3260,5766,5
9267,0,0,3260,5257,5
9268,0,0,3260,4126,5
9269,0,0,3260,5970,5
9270,0,0,3260,2738,5
9271,0,0,3260,3404,5
9272,0,0,3262,2282,5
9273,0,0,3262,502,5
9274,0,0,3262,487,5
9275,0,0,3262,3513,5
9276,0,0,3262,5383,5
9277,0,1,3269,231,5
9278,0,1,3270,1526,5
9279,0,0,3271,900,5
9280,0,0,3272,3307,5
9281,0,0,3272,556,5
9282,0,0,3272,2539,5
9283,0,0,3272,1983,5
9284,0,0,3272,4166,5
9285,0,0,3272,4130,5
9286,0,0,3272,5195,5
9287,0,0,3272,2694,5
9288,0,0,3272,3274,5
9289,0,0,3275,2641,5
9290,0,0,3278,3801,5
9291,1,1,3278,1826,5
9292,0,0,3279,436,5
9293,1,0,3280,620,5
9294,0,0,3282,2925,5
9295,0,0,3283,2451,5
9296,0,0,3283,1241,5
9297,0,0,3283,488,5
9298,1,1,3283,3843,5
9299,0,0,3283,4804,5
9300,0,1,3284,4708,5
9301,1,1,3286,5092,5
9302,0,0,3287,3722,5
9303,0,0,3287,1830,5
9304,1,0,3288,4802,5
9305,0,0,3288,2566,5
9306,0,1,3289,3372,5
9307,0,0,3291,5841,5
9308,0,0,3291,1171,5
9309,0,1,3294,3520,5
9310,0,0,3295,1882,5
9311,0,1,3295,668,5
9312,0,0,3295,2663,5
9313,1,1,3297,3488,5
9314,1,1,3298,3053,5
9315,1,1,3299,987,5
9316,0,0,3299,6052,5
9317,0,0,3299,2815,5
9318,0,0,3299,167,5
9319,0,0,3299,4940,5
9320,0,0,3299,4989,5
9321,1,1,3300,2706,5
9322,0,0,3302,2024,5
9323,0,0,3302,1068,5
9324,0,0,3305,1625,5
9325,0,0,3305,644,5
9326,1,1,3305,4452,5
9327,0,0,3306,572,5
9328,0,0,3307,3209,5
9329,0,0,3307,2846,5
9330,0,1,3307,3269,5
9331,0,0,3310,184,5
9332,1,1,3311,4060,5
9333,0,0,3311,145,5
9334,0,0,3311,1790,5
9335,0,0,3311,1308,5
9336,0,0,3311,5557,5
9337,0,0,3311,5306,5
9338,0,0,3311,5685,5
9339,0,0,3311,1893,5
9340,0,0,3311,2301,5
9341,0,0,3313,5665,5
9342,0,0,3318,221,5
9343,0,0,3318,128,5
9344,0,0,3318,4030,5
9345,0,0,3318,5405,5
9346,0,0,3318,5843,5
9347,0,0,3318,4067,5
9348,0,0,3318,4820,5
9349,0,0,3318,5821,5
9350,0,0,3319,5170,5
9351,0,0,3319,3268,5
9352,0,0,3319,295,5
9353,0,0,3319,5143,5
9354,0,0,3320,3582,5
9355,0,0,3320,1558,5
9356,0,0,3320,1984,5
9357,0,0,3320,1972,5
9358,0,0,3320,4303,5
9359,0,0,3320,4249,5
9360,0,0,3320,4806,5
9361,0,0,3320,2775,5
9362,0,0,3320,2898,5
9363,0,0,3321,1014,5
9364,1,1,3322,4069,5
9365,0,0,3324,1988,5
9366,0,0,3324,1680,5
9367,0,0,3324,2533,5
9368,0,0,3324,3826,5
9369,0,0,3324,4872,5
9370,0,0,3324,2563,5
9371,0,0,3324,3736,5
9372,0,0,3324,3898,5
9373,1,1,3325,2207,5
9374,0,0,3325,1229,5
9375,0,0,3326,2241,5
9376,0,0,3326,4914,5
9377,0,0,3326,2516,5
9378,0,0,3326,1725,5
9379,0,0,3326,3474,5
9380,1,0,3326,4186,5
9381,1,1,3327,4888,5
9382,0,0,3327,1917,5
9383,0,0,3327,5249,5
9384,1,1,3329,3046,5
9385,0,0,3332,5785,5
9386,0,0,3332,2675,5
9387,0,0,3332,393,5
9388,0,0,3332,5071,5
9389,0,0,3333,1740,5
9390,1,0,3333,0,5
9391,0,0,3333,4089,5
9392,1,1,3335,5663,5
9393,0,0,3336,3106,5
9394,0,0,3336,1226,5
9395,0,0,3336,434,5
9396,0,0,3336,4536,5
9397,0,0,3336,5250,5
9398,0,0,3337,1434,5
9399,0,0,3337,4050,5
9400,0,0,3337,2797,5
9401,0,0,3337,154,5
9402,0,0,3337,2970,5
9403,0,0,3337,3858,5
9404,0,0,3337,4891,5
9405,0,1,3338,6004,5
9406,0,0,3339,1333,5
9407,0,0,3339,716,5
9408,0,0,3339,2285,5
9409,0,0,3339,3788,5
9410,0,0,3339,5526,5
9411,0,0,3339,3205,5
9412,0,0,3339,3515,5
9413,0,0,3339,4788,5
9414,0,0,3343,3517,5
9415,0,0,3343,1222,5
9416,0,0,3343,326,5
9417,0,1,3343,3420,5
9418,1,1,3344,4682,5
9419,0,0,3345,2484,5
9420,0,0,3346,2560,5
9421,0,1,3346,2294,5
9422,0,0,3348,2545,5
9423,0,0,3348,424,5
9424,0,0,3348,4718,5
9425,1,1,3350,1300,5
9426,0,0,3350,207,5
9427,0,0,3350,3730,5
9428,0,0,3353,3384,5
9429,1,0,3353,147,5
9430,0,0,3354,2823,5
9431,1,1,3354,5331,5
9432,0,0,3354,4061,5
9433,0,0,3354,1606,5
9434,0,0,3354,4189,5
9435,0,0,3354,4990,5
9436,0,0,3355,3429,5
9437,0,0,3355,1544,5
9438,0,0,3355,1863,5
9439,0,0,3355,1716,5
9440,0,0,3355,4770,5
9441,0,0,3355,4009,5
9442,0,0,3355,3996,5
9443,0,0,3355,5825,5
9444,0,0,3355,2513,5
9445,0,0,3355,2889,5
9446,0,0,3356,392,5
9447,0,0,3356,4570,5
9448,0,0,3356,922,5
9449,0,0,3356,18,5
9450,0,0,3356,3113,5
9451,0,0,3356,3546,5
9452,0,0,3356,5427,5
9453,0,0,3357,537,5
9454,0,0,3357,444,5
9455,0,0,3357,1454,5
9456,0,0,3357,3477,5
9457,0,0,3357,5928,5
9458,0,0,3357,1861,5
9459,0,0,3357,2806,5
9460,1,1,3357,5169,5
9461,0,0,3358,5539,5
9462,0,0,3359,2574,5
9463,1,1,3359,123,5
9464,0,0,3360,2768,5
9465,0,0,3360,2353,5
9466,0,0,3361,367,5
9467,0,0,3361,48,5
9468,0,0,3361,1597,5
9469,0,0,3361,2539,5
9470,0,0,3361,4200,5
9471,0,0,3361,1834,5
9472,0,0,3361,2098,5
9473,0,0,3361,2869,5
9474,0,0,3362,2436,5
9475,1,1,3362,438,5
9476,0,0,3364,2489,5
9477,0,0,3364,3799,5
9478,0,0,3364,2680,5
9479,0,0,3364,1928,5
9480,0,0,3364,3258,5
9481,0,0,3364,3536,5
9482,0,0,3364,4624,5
9483,0,0,3367,2474,5
9484,0,0,3367,2017,5
9485,0,1,3367,3536,5
9486,0,0,3368,5141,5
9487,0,0,3368,2960,5
9488,0,0,3369,1472,5
9489,0,0,3369,498,5
9490,0,0,3369,661,5
9491,0,0,3369,507,5
9492,0,0,3369,2291,5
9493,0,0,3369,2185,5
9494,0,0,3369,2085,5
9495,0,0,3369,2426,5
9496,0,0,3369,1283,5
9497,0,0,3369,1426,5
9498,1,1,3370,1817,5
9499,0,0,3370,1401,5
9500,0,0,3370,2979,5
9501,0,0,3371,4994,5
9502,1,1,3371,4530,5
9503,0,0,3371,5200,5
9504,0,0,3373,1819,5
9505,0,0,3373,1817,5
9506,0,0,3374,4844,5
9507,0,0,3374,467,5
9508,0,0,3374,2066,5
9509,0,0,3374,1902,5
9510,0,0,3374,5199,5
9511,0,0,3374,5167,5
9512,0,0,3374,4985,5
9513,0,0,3374,5369,5
9514,0,0,3374,3578,5
9515,0,0,3374,4163,5
9516,0,0,3375,2194,5
9517,0,0,3376,2310,5
9518,0,0,3376,5849,5
9519,0,0,3376,2688,5
9520,0,0,3376,1796,5
9521,0,0,3376,3641,5
9522,0,0,3376,5627,5
9523,0,0,3378,1180,5
9524,0,0,3379,2517,5
9525,0,0,3379,1098,5
9526,0,0,3379,2125,5
9527,0,0,3379,1671,5
9528,0,0,3379,4119,5
9529,0,0,3379,3211,5
9530,0,0,3379,2562,5
9531,0,0,3379,5585,5
9532,0,0,3379,2334,5
9533,0,0,3379,2453,5
9534,1,1,3380,3667,5
9535,0,0,3380,1727,5
9536,0,1,3383,4619,5
9537,0,0,3383,1089,5
9538,0,0,3383,606,5
9539,0,0,3383,2520,5
9540,0,0,3386,5450,5
9541,0,0,3388,1230,5
9542,0,0,3388,1168,5
9543,0,0,3388,498,5
9544,0,0,3388,1239,5
9545,0,0,3388,4591,5
9546,1,1,3391,5594,5
9547,0,0,3392,4229,5
9548,0,0,3392,4199,5
9549,0,0,3395,4010,5
9550,0,0,3395,3965,5
9551,0,0,3396,3512,5
9552,1,1,3398,5131,5
9553,0,0,3398,1691,5
9554,0,0,3399,4398,5
9555,0,0,3399,5280,5
9556,0,0,3399,4844,5
9557,0,0,3399,2085,5
9558,0,0,3399,4985,5
9559,0,0,3399,5199,5
9560,0,0,3400,1092,5
9561,0,0,3400,480,5
9562,0,0,3400,3724,5
9563,0,0,3402,3067,5
9564,0,0,3403,4210,5
9565,0,0,3403,537,5
9566,0,0,3403,1754,5
9567,0,0,3403,1676,5
9568,0,0,3403,4593,5
9569,0,0,3403,4502,5
9570,0,0,3403,4901,5
9571,0,0,3403,3050,5
9572,0,0,3403,3322,5
9573,0,0,3404,3121,5
9574,0,0,3404,55,5
9575,0,0,3404,1928,5
9576,0,0,3404,669,5
9577,0,0,3404,5009,5
9578,0,0,3404,3658,5
9579,0,0,3404,3385,5
9580,0,0,3404,5187,5
9581,0,0,3404,2099,5
9582,1,1,3404,2552,5
9583,0,0,3406,5013,5
9584,1,1,3406,1064,5
9585,0,0,3407,1024,5
9586,0,0,3407,890,5
9587,0,0,3407,2064,5
9588,0,0,3409,2983,5
9589,0,0,3409,4955,5
9590,1,1,3409,3425,5
9591,0,0,3409,2217,5
9592,0,0,3409,4928,5
9593,0,0,3409,4951,5
9594,0,0,3410,3334,5
9595,0,0,3411,1434,5
9596,0,0,3411,4166,5
9597,1,1,3411,2539,5
9598,0,0,3411,556,5
9599,0,0,3411,3307,5
9600,0,0,3411,3646,5
9601,1,1,3412,381,5
9602,0,0,3415,3975,5
9603,0,0,3415,3321,5
9604,0,0,3415,4547,5
9605,0,0,3415,5867,5
9606,0,0,3415,6034,5
9607,0,0,3415,5108,5
9608,0,0,3415,5113,5
9609,0,0,3415,5943,5
9610,0,0,3423,1061,5
9611,0,0,3423,3777,5
9612,0,0,3423,1429,5
9613,0,0,3423,127,5
9614,0,0,3423,2585,5
9615,0,0,3423,3271,5
9616,1,1,3425,288,5
9617,0,0,3427,1027,5
9618,0,0,3428,6039,5
9619,0,0,3428,862,5
9620,0,0,3429,1832,5
9621,0,0,3429,1643,5
9622,0,0,3429,3537,5
9623,0,0,3429,4114,5
9624,0,0,3429,5123,5
9625,0,0,3429,3602,5
9626,0,0,3429,3902,5
9627,0,0,3429,4603,5
9628,0,0,3433,2562,5
9629,0,0,3433,4511,5
9630,0,0,3433,3109,5
9631,0,0,3433,444,5
9632,0,0,3433,3572,5
9633,0,0,3433,3998,5
9634,0,0,3433,5015,5
9635,0,0,3434,5163,5
9636,0,1,3434,5091,5
9637,0,0,3434,5413,5
9638,1,1,3435,3675,5
9639,0,0,3436,2089,5
9640,0,0,3436,41,5
9641,0,0,3436,40,5
9642,0,0,3436,3294,5
9643,0,0,3436,3626,5
9644,0,0,3438,5203,5
9645,0,0,3438,289,5
9646,0,0,3438,3845,5
9647,0,0,3438,3125,5
9648,0,0,3438,5585,5
9649,0,0,3438,5541,5
9650,0,0,3438,5668,5
9651,0,0,3438,3930,5
9652,0,0,3438,4055,5
9653,0,0,3439,3139,5
9654,0,0,3439,1107,5
9655,0,1,3439,4905,5
9656,1,0,3440,5151,5
9657,0,0,3441,3737,5
9658,0,0,3441,1115,5
9659,0,0,3441,1524,5
9660,0,0,3441,1358,5
9661,0,0,3441,4776,5
9662,0,0,3441,4181,5
9663,0,0,3441,3976,5
9664,0,0,3441,5141,5
9665,0,0,3441,2327,5
9666,0,0,3441,2676,5
9667,0,0,3442,4885,5
9668,0,0,3442,1775,5
9669,0,0,3442,574,5
9670,0,0,3442,2154,5
9671,1,0,3443,4824,5
9672,0,0,3444,1197,5
9673,0,1,3444,4501,5
9674,0,0,3444,2561,5
9675,0,0,3444,83,5
9676,0,0,3444,2973,5
9677,0,0,3444,4079,5
9678,0,0,3446,5455,5
9679,0,0,3446,1818,5
9680,0,0,3446,723,5
9681,0,0,3446,1938,5
9682,1,1,3447,4210,5
9683,0,0,3448,2954,5
9684,0,0,3448,1842,5
9685,0,0,3449,5319,5
9686,1,1,3449,2288,5
9687,0,0,3450,1096,5
9688,0,0,3450,572,5
9689,0,0,3450,503,5
9690,1,1,3450,2475,5
9691,0,0,3450,3827,5
9692,0,0,3451,4746,5
9693,0,0,3451,3602,5
9694,0,0,3451,5577,5
9695,0,0,3452,3128,5
9696,0,0,3452,241,5
9697,0,0,3452,4860,5
9698,0,0,3453,1720,5
9699,0,0,3453,810,5
9700,1,1,3454,1818,5
9701,0,0,3454,723,5
9702,0,0,3454,1938,5
9703,0,0,3454,3574,5
9704,0,0,3454,5385,5
9705,0,0,3454,2407,5
9706,0,0,3454,2513,5
9707,0,0,3454,3721,5
9708,0,0,3456,5966,5
9709,0,0,3456,956,5
9710,0,0,3456,578,5
9711,0,1,3456,1944,5
9712,0,0,3458,2255,5
9713,0,0,3458,1473,5
9714,0,0,3459,3974,5
9715,0,0,3459,326,5
9716,0,0,3460,1492,5
9717,0,0,3460,462,5
9718,0,0,3460,908,5
9719,0,0,3460,794,5
9720,0,0,3460,5005,5
9721,0,0,3460,3409,5
9722,0,0,3460,5767,5
9723,0,0,3460,934,5
9724,0,0,3460,1422,5
9725,0,0,3461,3087,5
9726,1,1,3461,813,5
9727,0,0,3461,3319,5
9728,0,0,3463,369,5
9729,0,0,3463,5257,5
9730,0,0,3463,3380,5
9731,0,0,3463,253,5
9732,0,0,3463,4167,5
9733,0,0,3463,4393,5
9734,0,0,3463,5560,5
9735,1,1,3466,1537,5
9736,0,0,3466,575,5
9737,0,0,3467,3820,5
9738,0,0,3467,406,5
9739,1,1,3467,2182,5
9740,0,0,3467,1037,5
9741,0,0,3467,4308,5
9742,0,0,3467,4136,5
9743,0,0,3467,5925,5
9744,0,0,3467,2301,5
9745,0,0,3467,3777,5
9746,0,0,3468,1168,5
9747,1,1,3468,498,5
9748,0,0,3468,4591,5
9749,0,0,3470,1569,5
9750,0,0,3472,1817,5
9751,0,0,3473,3334,5
9752,0,0,3473,2559,5
9753,0,0,3474,2993,5
9754,0,0,3474,1172,5
9755,0,0,3477,3741,5
9756,0,0,3477,652,5
9757,0,0,3477,1741,5
9758,0,0,3477,1385,5
9759,0,0,3477,4408,5
9760,0,0,3477,4011,5
9761,0,0,3477,4000,5
9762,0,0,3477,5357,5
9763,0,0,3477,3394,5
9764,0,0,3477,3417,5
9765,0,0,3478,2127,5
9766,0,0,3478,1328,5
9767,0,0,3478,238,5
9768,0,0,3478,2085,5
9769,0,0,3480,333,5
9770,0,0,3480,218,5
9771,0,0,3480,393,5
9772,0,0,3480,1599,5
9773,0,0,3480,2877,5
9774,0,0,3480,498,5
9775,0,0,3480,1329,5
9776,0,0,3480,2574,5
9777,1,1,3481,5211,5
9778,0,0,3481,4236,5
9779,1,1,3483,4567,5
9780,0,0,3483,2756,5
9781,0,0,3486,567,5
9782,0,0,3486,3631,5
9783,0,0,3486,1154,5
9784,0,0,3486,461,5
9785,0,0,3486,1802,5
9786,0,0,3486,3284,5
9787,0,0,3486,3985,5
9788,0,0,3487,1828,5
9789,0,0,3487,5627,5
9790,0,0,3487,2687,5
9791,0,0,3487,305,5
9792,0,0,3487,3718,5
9793,0,0,3487,5566,5
9794,1,0,3488,512,5
9795,0,0,3488,6024,5
9796,0,0,3488,1063,5
9797,0,0,3488,510,5
9798,0,0,3488,1331,5
9799,0,0,3488,1848,5
9800,0,0,3489,1942,5
9801,0,0,3489,510,5
9802,0,0,3489,943,5
9803,0,0,3489,512,5
9804,0,0,3489,5012,5
9805,0,0,3489,3243,5
9806,0,0,3489,2026,5
9807,0,0,3489,6038,5
9808,0,0,3489,1331,5
9809,0,0,3489,1848,5
9810,0,0,3490,3431,5
9811,1,1,3490,394,5
9812,0,0,3491,4665,5
9813,0,1,3491,693,5
9814,0,0,3492,2987,5
9815,0,0,3492,5516,5
9816,0,0,3492,3425,5
9817,0,0,3492,1642,5
9818,0,0,3492,4284,5
9819,0,0,3492,4721,5
9820,0,0,3495,2458,5
9821,1,1,3498,3411,5
9822,0,0,3499,2167,5
9823,1,1,3499,39,5
9824,0,0,3499,2796,5
9825,0,0,3504,4165,5
9826,0,0,3505,4049,5
9827,0,0,3505,2059,5
9828,0,0,3505,1527,5
9829,0,1,3505,4891,5
9830,0,0,3505,5771,5
9831,1,0,3506,3690,5
9832,0,0,3506,3386,5
9833,0,0,3506,5593,5
9834,0,0,3507,4129,5
9835,0,0,3507,3395,5
9836,0,0,3508,2827,5
9837,0,0,3508,1042,5
9838,0,0,3508,151,5
9839,0,0,3508,2565,5
9840,0,0,3509,3115,5
9841,1,0,3509,595,5
9842,0,0,3509,812,5
9843,0,0,3509,715,5
9844,0,0,3509,4997,5
9845,0,0,3509,4633,5
9846,0,0,3509,3359,5
9847,0,0,3509,5121,5
9848,0,0,3509,2071,5
9849,0,0,3509,2687,5
9850,0,0,3512,2012,5
9851,0,0,3512,2779,5
9852,0,0,3512,2148,5
9853,0,0,3512,1446,5
9854,0,0,3512,2313,5
9855,0,0,3512,2511,5
9856,0,0,3512,4724,5
9857,0,0,3515,965,5
9858,0,0,3515,321,5
9859,0,0,3515,1720,5
9860,0,0,3515,3299,5
9861,0,0,3515,5312,5
9862,0,0,3515,2555,5
9863,0,0,3515,3038,5
9864,0,0,3515,3561,5
9865,0,0,3516,2467,5
9866,1,1,3516,1488,5
9867,0,0,3516,23,5
9868,0,0,3516,3527,5
9869,0,0,3516,3946,5
9870,1,1,3517,1588,5
9871,0,0,3517,830,5
9872,1,1,3518,2742,5
9873,0,0,3519,3508,5
9874,0,0,3519,1269,5
9875,0,0,3519,1929,5
9876,0,0,3519,1759,5
9877,0,0,3519,4983,5
9878,0,0,3519,4012,5
9879,0,0,3519,3976,5
9880,0,0,3519,5071,5
9881,0,0,3519,2262,5
9882,0,0,3519,2855,5
9883,0,0,3520,2248,5
9884,0,0,3521,2920,5
9885,0,0,3521,857,5
9886,0,0,3521,655,5
9887,1,0,3521,5309,5
9888,0,0,3521,5960,5
9889,0,1,3522,4475,5
9890,0,0,3524,4991,5
9891,0,0,3524,3765,5
9892,0,0,3525,4087,5
9893,0,1,3525,1002,5
9894,0,0,3528,4361,5
9895,0,0,3528,1968,5
9896,0,0,3528,1112,5
9897,1,1,3528,4327,5
9898,0,0,3529,2063,5
9899,0,0,3529,626,5
9900,0,0,3529,287,5
9901,0,0,3529,3106,5
9902,0,0,3529,4506,5
9903,0,0,3531,2440,5
9904,0,0,3533,4845,5
9905,1,1,3533,3670,5
9906,0,0,3535,5239,5
9907,0,0,3535,1861,5
9908,0,0,3535,1335,5
9909,0,0,3535,2803,5
9910,0,0,3537,1314,5
9911,0,0,3537,690,5
9912,0,0,3538,2317,5
9913,0,0,3538,1544,5
9914,0,0,3538,206,5
9915,0,0,3538,4875,5
9916,0,0,3538,5198,5
9917,0,0,3539,4364,5
9918,0,0,3539,829,5
9919,1,1,3540,5826,5
9920,0,0,3540,2499,5
9921,0,0,3540,343,5
9922,0,0,3540,5298,5
9923,1,1,3542,174,5
9924,0,1,3543,398,5
9925,0,0,3544,854,5
9926,0,0,3544,455,5
9927,0,0,3545,2760,5
9928,1,1,3546,2154,5
9929,0,0,3546,1377,5
9930,0,0,3546,133,5
9931,0,0,3546,4886,5
9932,0,0,3546,5561,5
9933,0,0,3549,3412,5
9934,0,0,3549,749,5
9935,0,0,3549,2111,5
9936,0,0,3549,1488,5
9937,0,0,3549,4792,5
9938,0,0,3549,4759,5
9939,0,0,3549,4214,5
9940,0,0,3549,5204,5
9941,0,0,3549,3023,5
9942,0,0,3549,3208,5
9943,0,0,3550,1540,5
9944,0,0,3550,3207,5
9945,0,0,3550,1591,5
9946,0,0,3550,529,5
9947,0,0,3550,1925,5
9948,0,0,3550,2908,5
9949,0,0,3550,4365,5
9950,1,1,3551,2949,5
9951,0,0,3551,167,5
9952,0,0,3551,4227,5
9953,0,0,3552,2511,5
9954,0,0,3552,291,5
9955,0,0,3552,1929,5
9956,0,0,3552,960,5
9957,0,0,3552,5701,5
9958,0,0,3552,4012,5
9959,0,0,3552,3695,5
9960,0,0,3552,6022,5
9961,0,0,3552,2053,5
9962,0,0,3552,2216,5
9963,0,0,3554,2609,5
9964,0,0,3554,2572,5
9965,0,0,3554,4083,5
9966,0,0,3555,1755,5
9967,0,0,3556,5290,5
9968,0,0,3556,2731,5
9969,0,0,3556,2227,5
9970,0,0,3556,2879,5
9971,0,0,3557,1861,5
9972,0,0,3557,428,5
9973,0,0,3557,1305,5
9974,0,0,3557,529,5
9975,0,0,3557,4126,5
9976,0,0,3557,2045,5
9977,0,0,3557,4365,5
9978,0,0,3557,1540,5
9979,0,0,3557,1591,5
9980,0,0,3558,1831,5
9981,1,1,3559,5262,5
9982,0,0,3559,2144,5
9983,1,1,3561,3566,5
9984,0,1,3562,2127,5
9985,0,0,3563,867,5
9986,0,0,3563,721,5
9987,1,1,3563,957,5
9988,0,0,3563,4456,5
9989,0,0,3563,5441,5
9990,0,0,3563,1428,5
9991,0,0,3563,1791,5
9992,0,0,3563,5159,5
9993,0,0,3564,1238,5
9994,0,0,3564,4823,5
9995,0,0,3564,1588,5
9996,0,0,3564,303,5
9997,0,0,3564,3703,5
9998,0,0,3564,4173,5
9999,0,0,3565,3837,5
10000,0,0,3565,5668,5
10001,0,0,3565,4454,5
10002,0,0,3565,682,5
10003,0,0,3565,4542,5
10004,0,0,3565,5596,5
10005,0,0,3567,1549,5
10006,0,0,3567,690,5
10007,0,0,3568,5393,5
10008,0,0,3568,668,5
10009,1,0,3571,1902,5
10010,1,1,3572,3475,5
10011,0,0,3572,392,5
10012,0,0,3572,1381,5
10013,0,0,3572,1124,5
10014,0,0,3572,4997,5
10015,0,0,3572,4913,5
10016,0,0,3572,3546,5
10017,0,0,3572,5896,5
10018,0,0,3572,1394,5
10019,0,0,3572,2203,5
10020,0,0,3574,4766,5
10021,0,0,3574,4183,5
10022,0,0,3574,5826,5
10023,0,0,3575,2681,5
10024,0,0,3575,2447,5
10025,0,0,3575,1406,5
10026,0,0,3575,3722,5
10027,0,0,3575,5439,5
10028,0,0,3576,3980,5
10029,0,0,3576,2407,5
10030,0,0,3576,1232,5
10031,0,0,3576,4267,5
10032,1,1,3576,4334,5
10033,0,0,3577,2727,5
10034,0,0,3577,1641,5
10035,0,0,3577,5139,5
10036,0,0,3578,190,5
10037,0,0,3579,5551,5
10038,0,0,3579,2860,5
10039,0,0,3579,1994,5
10040,0,0,3579,2978,5
10041,0,0,3580,5061,5
10042,0,1,3580,2868,5
10043,0,0,3582,1403,5
10044,0,0,3583,1874,5
10045,1,1,3583,1681,5
10046,0,0,3583,1446,5
10047,0,0,3583,3198,5
10048,0,0,3583,5458,5
10049,0,0,3584,2375,5
10050,0,0,3584,2263,5
10051,0,0,3584,5056,5
10052,0,0,3586,3132,5
10053,1,1,3593,1346,5
10054,0,0,3593,4456,5
10055,0,0,3593,3588,5
10056,0,0,3593,1019,5
10057,0,0,3593,3908,5
10058,0,0,3593,3977,5
10059,1,1,3598,1727,5
10060,0,0,3598,514,5
10061,0,0,3598,3667,5
10062,0,0,3599,1817,5
10063,0,0,3599,1741,5
10064,0,0,3599,5357,5
10065,0,0,3602,4153,5
10066,0,0,3603,2322,5
10067,0,0,3604,2255,5
10068,0,0,3605,1398,5
10069,0,1,3605,1086,5
10070,0,0,3605,5972,5
10071,0,0,3607,50,5
10072,0,0,3608,2384,5
10073,0,0,3608,5139,5
10074,0,0,3608,2525,5
10075,0,0,3608,2263,5
10076,0,1,3608,3094,5
10077,0,0,3608,3452,5
10078,0,0,3608,5937,5
10079,0,0,3609,512,5
10080,0,0,3609,510,5
10081,0,0,3609,1331,5
10082,0,0,3609,3243,5
10083,1,0,3609,6038,5
10084,0,0,3609,1848,5
10085,0,0,3609,2026,5
10086,0,0,3609,5012,5
10087,0,0,3613,2447,5
10088,0,0,3613,1361,5
10089,0,0,3613,3722,5
10090,0,1,3614,3077,5
10091,0,0,3614,2307,5
10092,0,0,3614,2027,5
10093,0,0,3614,3460,5
10094,0,0,3614,4900,5
10095,1,1,3617,1092,5
10096,0,0,3618,4010,5
10097,0,0,3618,3965,5
10098,0,0,3618,261,5
10099,0,0,3618,5725,5
10100,0,0,3618,5934,5
10101,0,0,3619,2643,5
10102,0,0,3619,235,5
10103,0,0,3619,631,5
10104,0,0,3619,268,5
10105,0,0,3619,3915,5
10106,0,0,3619,3456,5
10107,0,0,3619,3138,5
10108,0,0,3619,4604,5
10109,0,0,3619,1589,5
10110,0,0,3619,1748,5
10111,0,0,3620,2706,5
10112,0,0,3620,110,5
10113,0,0,3621,836,5
10114,0,0,3621,186,5
10115,0,0,3622,843,5
10116,0,0,3622,683,5
10117,0,0,3622,1502,5
10118,0,0,3622,3399,5
10119,1,0,3622,5264,5
10120,0,0,3622,2379,5
10121,0,0,3622,2989,5
10122,0,0,3622,4912,5
10123,1,1,3623,1182,5
10124,0,0,3623,604,5
10125,0,0,3623,5296,5
10126,0,0,3625,3192,5
10127,0,0,3625,133,5
10128,0,0,3625,2099,5
10129,0,0,3625,1380,5
10130,0,0,3625,4334,5
10131,0,0,3625,4267,5
10132,0,0,3625,3492,5
10133,0,0,3625,5561,5
10134,0,0,3625,2154,5
10135,0,0,3625,2629,5
10136,0,0,3626,2735,5
10137,0,0,3626,207,5
10138,0,0,3626,566,5
10139,0,0,3626,517,5
10140,0,0,3626,4680,5
10141,0,0,3626,4132,5
10142,0,0,3626,3515,5
10143,0,0,3626,5136,5
10144,0,0,3626,1578,5
10145,0,0,3626,1812,5
10146,0,0,3628,2902,5
10147,0,0,3634,3902,5
10148,0,0,3634,1,5
10149,0,0,3634,405,5
10150,0,0,3634,104,5
10151,0,0,3634,5552,5
10152,0,0,3634,5287,5
10153,0,0,3634,4052,5
10154,0,0,3634,5687,5
10155,0,0,3634,1623,5
10156,0,0,3634,3048,5
10157,0,0,3635,2700,5
10158,0,0,3635,1224,5
10159,1,1,3635,421,5
10160,0,0,3635,4320,5
10161,0,0,3635,5832,5
10162,0,0,3636,5327,5
10163,0,0,3639,1591,5
10164,0,0,3639,679,5
10165,0,0,3639,1597,5
10166,0,0,3639,4552,5
10167,0,0,3639,5508,5
10168,0,0,3639,1925,5
10169,0,0,3639,3508,5
10170,0,0,3639,5097,5
10171,1,1,3641,4539,5
10172,1,1,3643,4937,5
10173,0,0,3644,2893,5
10174,0,0,3644,1745,5
10175,0,0,3644,4553,5
10176,1,1,3646,3251,5
10177,0,0,3647,1973,5
10178,0,0,3651,3387,5
10179,0,0,3651,995,5
10180,0,0,3651,406,5
10181,0,0,3651,3605,5
10182,0,0,3651,4308,5
10183,0,1,3653,253,5
10184,0,0,3654,813,5
10185,0,0,3654,5987,5
10186,0,0,3654,3087,5
10187,0,0,3654,305,5
10188,0,0,3654,3319,5
10189,0,0,3654,5901,5
10190,0,0,3655,3976,5
10191,0,0,3655,262,5
10192,0,0,3655,1579,5
10193,0,0,3655,857,5
10194,0,0,3655,5352,5
10195,0,0,3655,5149,5
10196,0,0,3655,5387,5
10197,0,0,3655,3049,5
10198,0,0,3655,3414,5
10199,0,0,3656,3495,5
10200,0,0,3656,152,5
10201,0,0,3656,2597,5
10202,0,0,3656,1189,5
10203,0,0,3656,4043,5
10204,0,0,3656,3864,5
10205,0,0,3656,5182,5
10206,0,0,3656,2763,5
10207,0,0,3656,2831,5
10208,0,0,3657,5595,5
10209,1,1,3659,2550,5
10210,0,0,3661,2848,5
10211,0,0,3661,199,5
10212,0,0,3661,106,5
10213,0,0,3661,3305,5
10214,0,0,3661,4968,5
10215,0,0,3663,2234,5
10216,0,0,3663,915,5
10217,0,0,3663,1236,5
10218,0,0,3663,1037,5
10219,0,0,3663,4136,5
10220,0,0,3663,2885,5
10221,0,0,3663,4952,5
10222,0,0,3663,1429,5
10223,0,0,3663,1849,5
10224,0,0,3665,245,5
10225,0,0,3665,186,5
10226,0,0,3665,558,5
10227,1,1,3665,2328,5
10228,0,0,3665,3014,5
10229,0,0,3665,1251,5
10230,0,0,3665,1625,5
10231,0,0,3665,2623,5
10232,1,1,3666,3417,5
10233,0,0,3666,65,5
10234,0,0,3668,5277,5
10235,0,0,3668,4763,5
10236,0,0,3669,1994,5
10237,0,0,3669,654,5
10238,1,0,3669,4621,5
10239,0,0,3670,4349,5
10240,1,1,3670,1036,5
10241,0,0,3670,4771,5
10242,0,0,3672,1670,5
10243,0,0,3673,2589,5
10244,0,0,3673,5901,5
10245,0,0,3673,3972,5
10246,0,0,3673,1979,5
10247,0,0,3673,4357,5
10248,0,0,3673,5606,5
10249,0,0,3674,4211,5
10250,0,0,3674,1772,5
10251,0,0,3674,2509,5
10252,0,0,3674,2378,5
10253,0,0,3674,4912,5
10254,0,0,3674,4882,5
10255,0,0,3674,4274,5
10256,0,0,3674,5355,5
10257,0,0,3674,2933,5
10258,0,0,3674,3327,5
10259,0,0,3676,4050,5
10260,0,0,3676,2704,5
10261,0,0,3676,1555,5
10262,0,0,3676,3388,5
10263,0,0,3677,2161,5
10264,0,0,3677,5732,5
10265,0,0,3677,2217,5
10266,0,1,3677,1634,5
10267,0,0,3677,4456,5
10268,0,0,3677,4871,5
10269,0,0,3678,1942,5
10270,0,0,3678,338,5
10271,0,0,3678,151,5
10272,1,0,3678,3793,5
10273,0,0,3678,4268,5
10274,0,0,3679,3321,5
10275,0,0,3679,214,5
10276,0,0,3679,1805,5
10277,0,0,3679,1554,5
10278,0,0,3679,5678,5
10279,0,0,3679,5648,5
10280,0,0,3679,5074,5
10281,0,0,3679,5771,5
10282,0,0,3679,2584,5
10283,0,0,3679,3268,5
10284,1,1,3681,204,5
10285,0,0,3682,5951,5
10286,0,0,3682,2268,5
10287,1,1,3683,1761,5
10288,0,0,3688,3793,5
10289,0,0,3688,1042,5
10290,0,0,3688,2827,5
10291,0,0,3688,1352,5
10292,0,0,3688,4971,5
10293,0,0,3688,4914,5
10294,0,0,3688,4394,5
10295,0,0,3688,5632,5
10296,0,0,3688,3474,5
10297,0,0,3688,3743,5
10298,0,0,3689,3392,5
10299,0,0,3690,1132,5
10300,0,0,3691,1938,5
10301,0,0,3691,1532,5
10302,0,0,3691,3986,5
10303,0,0,3691,4617,5
10304,0,0,3691,5199,5
10305,0,0,3691,4301,5
10306,0,0,3691,4381,5
10307,0,0,3691,5154,5
10308,0,0,3692,159,5
10309,0,1,3693,1755,5
10310,1,1,3694,3045,5
10311,0,0,3695,3754,5
10312,0,0,3695,1740,5
10313,1,1,3695,5165,5
10314,0,0,3696,1952,5
10315,0,1,3696,1538,5
10316,0,0,3698,5206,5
10317,1,1,3699,4236,5
10318,0,0,3700,1327,5
10319,0,0,3701,3513,5
10320,0,0,3701,2767,5
10321,0,0,3701,2192,5
10322,0,0,3701,2980,5
10323,0,0,3702,2297,5
10324,0,0,3702,4465,5
10325,0,0,3702,2361,5
10326,0,0,3702,545,5
10327,0,0,3702,2487,5
10328,0,0,3702,3726,5
10329,0,0,3702,5414,5
10330,0,0,3703,3651,5
10331,0,0,3703,114,5
10332,0,0,3703,2763,5
10333,0,0,3703,1450,5
10334,0,0,3703,4809,5
10335,0,0,3703,4227,5
10336,0,0,3703,3978,5
10337,0,0,3703,5538,5
10338,0,0,3703,2949,5
10339,0,0,3703,3324,5
10340,0,0,3705,3642,5
10341,0,0,3705,1664,5
10342,0,0,3705,2379,5
10343,0,0,3705,1886,5
10344,0,0,3705,4903,5
10345,0,0,3705,4505,5
10346,0,0,3705,3897,5
10347,1,1,3705,5173,5
10348,0,0,3705,2652,5
10349,0,0,3705,3214,5
10350,0,0,3706,1630,5
10351,0,0,3708,3125,5
10352,0,0,3708,5465,5
10353,0,0,3708,3632,5
10354,0,0,3708,2886,5
10355,0,0,3708,3813,5
10356,0,0,3708,4184,5
10357,0,0,3708,5709,5
10358,0,0,3710,1928,5
10359,0,0,3710,334,5
10360,0,0,3710,4025,5
10361,0,0,3711,276,5
10362,0,0,3711,4576,5
10363,0,0,3711,343,5
10364,0,0,3711,20,5
10365,0,1,3711,2173,5
10366,0,0,3711,3652,5
10367,0,0,3712,3216,5
10368,0,1,3712,1061,5
10369,0,0,3712,1429,5
10370,0,0,3712,1228,5
10371,0,0,3712,4075,5
10372,0,0,3712,3293,5
10373,0,0,3712,6045,5
10374,0,0,3712,1514,5
10375,0,0,3712,2419,5
10376,0,0,3717,2889,5
10377,0,0,3717,136,5
10378,0,0,3717,2258,5
10379,0,0,3717,861,5
10380,0,0,3717,4951,5
10381,0,0,3717,4009,5
10382,0,0,3717,3429,5
10383,0,0,3717,5564,5
10384,0,0,3717,2326,5
10385,0,0,3717,2863,5
10386,0,1,3719,4368,5
10387,0,1,3721,2050,5
10388,0,0,3723,3096,5
10389,1,1,3723,2698,5
10390,0,0,3724,1184,5
10391,0,0,3724,544,5
10392,0,1,3725,1965,5
10393,0,0,3726,1231,5
10394,0,0,3726,831,5
10395,0,0,3726,2474,5
10396,0,0,3726,4083,5
10397,1,1,3726,5128,5
10398,0,0,3726,2489,5
10399,0,0,3726,2892,5
10400,0,0,3726,4624,5
10401,0,0,3728,4839,5
10402,0,0,3728,187,5
10403,0,0,3729,2328,5
10404,1,1,3729,558,5
10405,0,0,3729,5065,5
10406,0,0,3730,990,5
10407,0,0,3730,3910,5
10408,0,0,3730,1225,5
10409,0,0,3730,91,5
10410,0,0,3730,2047,5
10411,0,0,3730,2978,5
10412,0,0,3730,4012,5
10413,1,1,3732,4357,5
10414,0,0,3732,1417,5
10415,0,0,3732,56,5
10416,0,0,3732,1911,5
10417,0,0,3733,425,5
10418,0,0,3733,5149,5
10419,0,0,3733,1068,5
10420,0,0,3733,6,5
10421,0,0,3733,1152,5
10422,0,0,3733,1906,5
10423,0,0,3733,5170,5
10424,0,0,3734,3048,5
10425,0,0,3734,697,5
10426,0,0,3734,1393,5
10427,0,0,3734,1119,5
10428,0,0,3734,4967,5
10429,0,0,3734,4633,5
10430,0,0,3734,3759,5
10431,0,0,3734,5891,5
10432,0,0,3734,1507,5
10433,0,0,3734,2259,5
10434,0,0,3736,1261,5
10435,0,1,3737,6054,5
10436,0,0,3738,2256,5
10437,0,0,3738,4756,5
10438,0,0,3738,2913,5
10439,0,0,3738,2152,5
10440,0,0,3738,4078,5
10441,0,0,3738,4393,5
10442,0,0,3738,5038,5
10443,0,0,3739,1026,5
10444,0,0,3739,3634,5
10445,0,0,3739,1504,5
10446,0,0,3739,984,5
10447,0,0,3739,2545,5
10448,0,0,3739,3561,5
10449,0,1,3743,1360,5
10450,0,0,3746,3178,5
10451,0,0,3746,590,5
10452,0,0,3746,2474,5
10453,0,0,3746,1597,5
10454,0,0,3746,5297,5
10455,0,0,3746,3787,5
10456,0,0,3746,3505,5
10457,0,0,3746,5498,5
10458,0,0,3746,2662,5
10459,0,0,3746,3152,5
10460,0,0,3747,4171,5
10461,0,0,3747,384,5
10462,0,0,3747,694,5
10463,0,0,3747,541,5
10464,0,0,3747,5789,5
10465,0,0,3747,4414,5
10466,0,0,3747,4361,5
10467,0,0,3747,5950,5
10468,0,0,3747,2886,5
10469,0,0,3747,3007,5
10470,0,0,3748,3429,5
10471,0,0,3748,134,5
10472,0,0,3748,968,5
10473,0,0,3748,661,5
10474,0,0,3748,5755,5
10475,0,0,3748,5711,5
10476,0,0,3748,3680,5
10477,0,0,3748,5964,5
10478,0,0,3748,2258,5
10479,0,0,3748,3149,5
10480,0,0,3749,1930,5
10481,1,1,3750,4771,5
10482,0,0,3750,1036,5
10483,1,1,3751,5241,5
10484,0,0,3751,4806,5
10485,0,0,3752,793,5
10486,0,0,3753,2541,5
10487,0,0,3753,244,5
10488,0,0,3753,1285,5
10489,0,0,3753,1156,5
10490,0,0,3753,5359,5
10491,0,0,3753,3544,5
10492,1,0,3753,3351,5
10493,0,0,3753,5425,5
10494,0,0,3753,1318,5
10495,0,0,3753,2540,5
10496,0,0,3755,2448,5
10497,0,0,3755,1060,5
10498,0,0,3756,5597,5
10499,0,0,3758,5191,5
10500,0,0,3761,3911,5
10501,0,0,3761,173,5
10502,0,0,3761,2112,5
10503,0,0,3761,2011,5
10504,0,0,3761,5151,5
10505,0,0,3761,5019,5
10506,0,0,3761,4911,5
10507,0,0,3761,5945,5
10508,0,0,3761,2718,5
10509,0,0,3761,3839,5
10510,0,0,3763,3873,5
10511,0,0,3763,2584,5
10512,0,0,3763,2113,5
10513,0,0,3763,4483,5
10514,0,0,3763,4603,5
10515,0,0,3765,1894,5
10516,0,0,3765,3764,5
10517,0,0,3765,1976,5
10518,0,0,3765,334,5
10519,0,0,3765,3385,5
10520,1,1,3765,3444,5
10521,0,0,3765,5592,5
10522,0,0,3766,5456,5
10523,0,0,3771,1207,5
10524,0,0,3771,862,5
10525,0,0,3771,3284,5
10526,1,1,3773,2578,5
10527,0,0,3773,1348,5
10528,0,0,3773,416,5
10529,0,0,3773,4342,5
10530,0,0,3773,5584,5
10531,0,0,3774,2849,5
10532,0,0,3774,1029,5
10533,0,0,3775,2499,5
10534,0,0,3775,4968,5
10535,0,0,3775,2848,5
10536,0,0,3775,578,5
10537,0,0,3775,3789,5
10538,0,0,3775,4579,5
10539,0,0,3777,309,5
10540,0,0,3778,1191,5
10541,0,0,3778,7,5
10542,0,0,3778,6043,5
10543,0,0,3779,4165,5
10544,0,0,3779,1015,5
10545,1,1,3779,2367,5
10546,0,0,3779,2225,5
10547,0,0,3779,4561,5
10548,0,0,3779,4427,5
10549,0,0,3779,5660,5
10550,0,0,3779,3101,5
10551,0,0,3779,3309,5
10552,1,0,3781,2925,5
10553,0,0,3784,2521,5
10554,0,0,3784,883,5
10555,0,0,3784,1665,5
10556,0,0,3784,1325,5
10557,0,0,3784,3501,5
10558,0,0,3784,3036,5
10559,0,0,3784,2884,5
10560,0,0,3784,4962,5
10561,0,0,3784,1781,5
10562,0,0,3784,2460,5
10563,1,1,3786,3996,5
10564,0,0,3786,790,5
10565,0,0,3786,1267,5
10566,0,0,3786,1146,5
10567,0,0,3786,4770,5
10568,0,0,3786,4102,5
10569,0,0,3786,5940,5
10570,0,0,3786,1539,5
10571,0,0,3786,3852,5
10572,0,0,3788,5553,5
10573,1,1,3788,3054,5
10574,0,0,3788,2144,5
10575,0,0,3788,5509,5
10576,0,0,3789,706,5
10577,0,0,3791,5852,5
10578,0,0,3791,3485,5
10579,0,0,3791,960,5
10580,0,0,3791,5832,5
10581,0,0,3793,3192,5
10582,0,0,3793,325,5
10583,0,0,3793,1341,5
10584,0,0,3793,620,5
10585,0,0,3793,5851,5
10586,0,0,3793,3325,5
10587,0,0,3793,5900,5
10588,0,0,3793,1343,5
10589,0,0,3793,1477,5
10590,0,0,3794,370,5
10591,0,0,3794,315,5
10592,0,0,3794,1033,5
10593,1,1,3794,3631,5
10594,0,0,3794,5948,5
10595,0,0,3794,1237,5
10596,0,0,3794,1802,5
10597,0,0,3794,3985,5
10598,0,0,3795,4189,5
10599,1,1,3797,5319,5
10600,0,0,3797,608,5
10601,0,0,3797,303,5
10602,0,0,3797,4173,5
10603,1,1,3799,1875,5
10604,0,0,3799,1280,5
10605,0,0,3799,1263,5
10606,0,0,3799,2144,5
10607,0,0,3799,3054,5
10608,0,0,3802,1146,5
10609,0,0,3802,883,5
10610,0,0,3802,2166,5
10611,0,0,3802,4624,5
10612,0,0,3802,5131,5
10613,0,0,3802,3536,5
10614,0,0,3802,4341,5
10615,0,0,3802,4927,5
10616,0,1,3808,4947,5
10617,1,1,3811,4072,5
10618,1,0,3812,4107,5
10619,0,0,3814,1110,5
10620,0,0,3814,5196,5
10621,0,0,3814,1983,5
10622,0,0,3814,877,5
10623,0,0,3814,3007,5
10624,0,0,3814,3888,5
10625,0,0,3814,5243,5
10626,0,0,3816,4891,5
10627,1,1,3817,1073,5
10628,0,0,3819,1185,5
10629,0,0,3819,804,5
10630,0,0,3819,3925,5
10631,0,0,3822,4015,5
10632,0,0,3822,3322,5
10633,0,0,3822,537,5
10634,0,0,3822,4210,5
10635,0,0,3822,4901,5
10636,0,0,3823,1294,5
10637,0,0,3824,3500,5
10638,0,0,3824,629,5
10639,0,0,3824,2549,5
10640,0,0,3824,2127,5
10641,0,0,3824,5380,5
10642,0,0,3824,5366,5
10643,0,0,3824,4126,5
10644,0,0,3824,5549,5
10645,0,0,3824,2673,5
10646,0,0,3824,2781,5
10647,0,0,3826,1422,5
10648,0,0,3826,2779,5
10649,0,0,3826,1460,5
10650,0,0,3826,651,5
10651,0,0,3826,1541,5
10652,0,0,3826,2384,5
10653,0,0,3826,4032,5
10654,0,0,3828,4657,5
10655,1,1,3828,1615,5
10656,0,0,3829,2869,5
10657,0,0,3829,305,5
10658,0,0,3829,2405,5
10659,0,0,3829,1579,5
10660,0,0,3829,5481,5
10661,0,0,3829,3414,5
10662,0,0,3829,2882,5
10663,0,0,3829,5566,5
10664,0,0,3829,2470,5
10665,0,0,3829,2687,5
10666,0,0,3830,2353,5
10667,0,0,3830,596,5
10668,0,0,3830,1599,5
10669,0,0,3830,1329,5
10670,0,0,3830,2668,5
10671,0,0,3830,2574,5
10672,0,0,3830,4649,5
10673,0,0,3830,1601,5
10674,0,0,3830,1791,5
10675,0,0,3831,5321,5
10676,0,0,3831,753,5
10677,0,0,3832,4659,5
10678,0,0,3832,4240,5
10679,1,1,3833,1386,5
10680,0,0,3834,2498,5
10681,0,0,3834,1383,5
10682,0,0,3834,1447,5
10683,0,0,3834,1408,5
10684,0,0,3834,3477,5
10685,0,0,3834,3181,5
10686,0,0,3834,2723,5
10687,0,0,3834,3940,5
10688,0,0,3834,2058,5
10689,0,0,3834,2451,5
10690,0,0,3835,800,5
10691,0,0,3835,153,5
10692,0,0,3835,1769,5
10693,0,0,3835,2964,5
10694,0,0,3835,5860,5
10695,0,0,3835,1807,5
10696,0,0,3835,2616,5
10697,0,0,3835,3373,5
10698,1,1,3836,1226,5
10699,0,0,3837,2241,5
10700,0,0,3837,4971,5
10701,0,0,3837,2827,5
10702,0,0,3837,757,5
10703,0,0,3837,3793,5
10704,0,0,3837,4440,5
10705,0,0,3837,5632,5
10706,0,0,3838,4487,5
10707,0,0,3838,2462,5
10708,0,0,3838,760,5
10709,0,0,3838,5355,5
10710,0,0,3838,5907,5
10711,0,0,3839,3911,5
10712,1,1,3839,2011,5
10713,0,0,3839,4911,5
10714,0,0,3840,2388,5
10715,0,0,3840,1167,5
10716,0,0,3840,4006,5
10717,0,1,3841,4309,5
10718,0,0,3844,1126,5
10719,0,0,3844,4501,5
10720,0,0,3844,2449,5
10721,0,0,3844,209,5
10722,0,0,3844,2561,5
10723,0,0,3844,4079,5
10724,0,0,3844,4609,5
10725,0,0,3845,3658,5
10726,0,0,3845,1204,5
10727,0,0,3845,291,5
10728,0,0,3845,2667,5
10729,1,1,3847,3013,5
10730,0,0,3850,5760,5
10731,0,0,3851,5191,5
10732,1,1,3851,3747,5
10733,0,0,3851,5663,5
10734,0,0,3852,2247,5
10735,0,0,3853,3719,5
10736,0,0,3853,211,5
10737,0,0,3853,1250,5
10738,1,0,3853,458,5
10739,0,0,3853,5008,5
10740,0,0,3853,4298,5
10741,0,0,3853,3790,5
10742,0,0,3853,5300,5
10743,0,0,3853,2243,5
10744,0,0,3853,3318,5
10745,0,0,3855,3956,5
10746,0,0,3855,204,5
10747,0,0,3855,2311,5
10748,1,1,3855,283,5
10749,0,0,3855,4935,5
10750,0,0,3855,4614,5
10751,0,0,3855,4072,5
10752,0,0,3855,4950,5
10753,0,0,3855,2375,5
10754,0,0,3855,2784,5
10755,0,0,3856,4031,5
10756,0,0,3856,1225,5
10757,0,0,3856,250,5
10758,0,0,3856,3383,5
10759,0,0,3857,1946,5
10760,0,0,3857,1355,5
10761,0,0,3857,4500,5
10762,0,0,3859,2445,5
10763,0,0,3859,1153,5
10764,0,0,3860,3577,5
10765,0,0,3861,3854,5
10766,0,0,3861,2499,5
10767,1,1,3861,858,5
10768,0,0,3861,3984,5
10769,0,0,3861,5921,5
10770,0,0,3862,5987,5
10771,0,0,3862,305,5
10772,0,0,3863,2975,5
10773,0,0,3863,488,5
10774,0,0,3863,900,5
10775,0,0,3863,489,5
10776,0,0,3863,4088,5
10777,0,0,3863,3820,5
10778,0,0,3863,4446,5
10779,0,0,3863,1124,5
10780,0,0,3863,1241,5
10781,0,0,3864,5897,5
10782,1,1,3865,5615,5
10783,0,0,3867,4842,5
10784,0,0,3868,2915,5
10785,0,0,3868,133,5
10786,0,0,3868,1356,5
10787,0,0,3868,567,5
10788,0,0,3868,3667,5
10789,0,0,3868,3622,5
10790,0,0,3868,3053,5
10791,0,0,3868,4310,5
10792,0,0,3868,1396,5
10793,0,0,3868,2286,5
10794,0,0,3869,5767,5
10795,0,0,3869,1628,5
10796,0,0,3869,572,5
10797,0,0,3869,3409,5
10798,0,0,3872,4448,5
10799,1,1,3872,1509,5
10800,0,0,3873,2957,5
10801,0,0,3873,284,5
10802,0,0,3873,1521,5
10803,0,0,3873,549,5
10804,0,0,3873,5076,5
10805,0,0,3873,4092,5
10806,0,0,3873,3374,5
10807,0,0,3873,5131,5
10808,0,0,3873,1691,5
10809,0,0,3873,1885,5
10810,0,0,3874,3861,5
10811,1,1,3876,2460,5
10812,1,0,3877,3000,5
10813,0,0,3878,624,5
10814,0,0,3878,3986,5
10815,0,0,3878,1271,5
10816,0,0,3878,302,5
10817,0,0,3878,1728,5
10818,0,0,3878,2870,5
10819,1,0,3879,935,5
10820,0,0,3879,320,5
10821,0,0,3879,1018,5
10822,1,1,3880,1235,5
10823,0,0,3881,4030,5
10824,0,0,3881,2516,5
10825,0,0,3881,221,5
10826,0,0,3881,5568,5
10827,0,0,3881,5843,5
10828,1,1,3882,5657,5
10829,0,0,3883,4245,5
10830,1,1,3884,4142,5
10831,1,1,3886,2622,5
10832,0,0,3887,3473,5
10833,0,0,3887,482,5
10834,0,0,3887,1173,5
10835,0,0,3887,1114,5
10836,0,0,3887,4717,5
10837,0,0,3887,4567,5
10838,0,0,3887,4236,5
10839,0,0,3887,5783,5
10840,0,0,3887,1183,5
10841,0,0,3887,1236,5
10842,0,0,3888,1376,5
10843,0,0,3889,2215,5
10844,0,0,3890,3029,5
10845,0,0,3890,1460,5
10846,0,0,3890,1017,5
10847,0,0,3890,3726,5
10848,0,0,3890,5305,5
10849,0,0,3892,3677,5
10850,0,0,3892,69,5
10851,0,0,3892,1136,5
10852,0,0,3892,645,5
10853,0,0,3892,4257,5
10854,0,0,3892,3718,5
10855,0,0,3892,3695,5
10856,0,0,3892,5202,5
10857,0,0,3892,1149,5
10858,1,1,3892,2531,5
10859,1,0,3893,4379,5
10860,0,0,3893,1900,5
10861,0,0,3895,642,5
10862,0,0,3895,440,5
10863,0,0,3895,1659,5
10864,0,0,3895,2487,5
10865,0,0,3895,3772,5
10866,0,0,3895,2297,5
10867,0,0,3895,2361,5
10868,1,1,3895,3726,5
10869,0,0,3896,5474,5
10870,0,0,3896,2707,5
10871,0,0,3896,412,5
10872,0,0,3896,2953,5
10873,0,0,3897,5047,5
10874,0,0,3897,2713,5
10875,0,0,3897,2011,5
10876,0,0,3897,3911,5
10877,0,0,3900,2901,5
10878,0,0,3900,1608,5
10879,0,0,3900,4779,5
10880,0,0,3901,2774,5
10881,0,0,3901,5938,5
10882,0,0,3901,2806,5
10883,0,0,3901,1684,5
10884,0,0,3901,3457,5
10885,0,0,3901,5156,5
10886,0,0,3902,3463,5
10887,0,0,3902,217,5
10888,0,0,3902,2584,5
10889,0,0,3902,2186,5
10890,0,0,3902,4660,5
10891,0,0,3902,4633,5
10892,0,0,3902,3873,5
10893,0,0,3902,4961,5
10894,0,0,3902,2801,5
10895,0,0,3902,3006,5
10896,1,1,3903,1355,5
10897,0,0,3903,991,5
10898,0,0,3903,2556,5
10899,0,0,3904,5026,5
10900,0,0,3904,3942,5
10901,0,0,3906,3104,5
10902,0,0,3906,2882,5
10903,0,0,3906,2667,5
10904,0,0,3906,4570,5
10905,0,0,3906,5516,5
10906,0,0,3908,5841,5
10907,1,1,3908,3754,5
10908,0,0,3909,601,5
10909,0,0,3909,5869,5
10910,0,0,3909,2307,5
10911,0,0,3909,190,5
10912,0,1,3909,3823,5
10913,0,0,3909,4900,5
10914,0,0,3910,2664,5
10915,0,0,3910,1073,5
10916,0,0,3910,2757,5
10917,0,0,3910,5182,5
10918,0,0,3910,5546,5
10919,0,0,3910,4162,5
10920,0,0,3910,4409,5
10921,0,0,3910,5337,5
10922,0,1,3911,1928,5
10923,0,0,3911,3121,5
10924,0,0,3911,1981,5
10925,0,0,3911,55,5
10926,0,0,3911,2486,5
10927,0,0,3911,2510,5
10928,0,0,3911,3385,5
10929,0,0,3912,2629,5
10930,0,0,3912,1970,5
10931,0,0,3912,4346,5
10932,0,0,3913,738,5
10933,0,0,3913,4947,5
10934,0,0,3913,1868,5
10935,0,0,3913,567,5
10936,0,0,3913,3951,5
10937,0,0,3913,4165,5
10938,0,0,3913,5345,5
10939,1,1,3914,4059,5
10940,0,0,3915,3540,5
10941,0,0,3915,1103,5
10942,0,0,3915,168,5
10943,0,0,3915,4051,5
10944,0,0,3915,4718,5
10945,1,1,3916,4885,5
10946,0,0,3920,3264,5
10947,0,0,3920,1918,5
10948,0,0,3921,2688,5
10949,0,0,3921,2450,5
10950,0,0,3921,1523,5
10951,0,0,3921,4124,5
10952,0,0,3921,6005,5
10953,0,0,3922,1257,5
10954,0,0,3922,438,5
10955,0,0,3923,5382,5
10956,0,0,3923,617,5
10957,0,0,3923,3132,5
10958,0,0,3923,1173,5
10959,0,0,3923,5814,5
10960,0,0,3923,5774,5
10961,0,0,3923,5979,5
10962,0,0,3923,3163,5
10963,0,0,3923,5243,5
10964,0,0,3924,61,5
10965,0,0,3926,4256,5
10966,0,0,3926,3457,5
10967,0,0,3926,205,5
10968,0,0,3926,4605,5
10969,0,0,3926,4666,5
10970,0,0,3928,2583,5
10971,0,1,3928,1142,5
10972,0,0,3928,4991,5
10973,0,0,3929,5078,5
10974,0,0,3929,2311,5
10975,1,1,3930,3395,5
10976,0,0,3931,5192,5
10977,0,0,3931,4654,5
10978,0,0,3931,3259,5
10979,0,0,3931,4825,5
10980,1,1,3933,3991,5
10981,0,0,3934,291,5
10982,0,0,3934,271,5
10983,0,0,3934,1073,5
10984,1,1,3935,4553,5
10985,0,0,3935,1357,5
10986,1,1,3936,383,5
10987,0,0,3937,891,5
10988,0,0,3937,416,5
10989,0,0,3937,5584,5
10990,0,0,3938,4137,5
10991,0,0,3938,1279,5
10992,0,0,3938,2252,5
10993,0,0,3938,1646,5
10994,0,0,3938,5713,5
10995,0,0,3938,5115,5
10996,0,0,3938,4759,5
10997,0,0,3938,5920,5
10998,0,0,3938,2582,5
10999,0,0,3938,3587,5
11000,0,0,3939,260,5
11001,0,0,3940,3783,5
11002,0,0,3940,63,5
11003,0,0,3940,359,5
11004,0,0,3940,153,5
11005,0,0,3940,5449,5
11006,0,0,3940,4195,5
11007,0,0,3940,5659,5
11008,0,0,3940,783,5
11009,0,0,3940,3397,5
11010,0,0,3944,3512,5
11011,0,0,3945,3892,5
11012,0,0,3947,831,5
11013,0,0,3947,4228,5
11014,0,0,3947,1396,5
11015,0,0,3947,567,5
11016,0,0,3947,2200,5
11017,0,0,3947,3053,5
11018,0,0,3949,3214,5
11019,0,0,3949,2909,5
11020,1,1,3949,5556,5
11021,0,1,3951,2666,5
11022,0,0,3951,1694,5
11023,0,0,3953,3452,5
11024,0,0,3953,113,5
11025,0,0,3953,1143,5
11026,0,0,3953,639,5
11027,0,0,3953,4682,5
11028,0,0,3953,3926,5
11029,0,0,3953,5422,5
11030,0,0,3953,1485,5
11031,0,0,3953,2708,5
11032,0,0,3954,3543,5
11033,0,0,3955,5108,5
11034,0,0,3955,4706,5
11035,0,0,3955,2751,5
11036,0,0,3955,5375,5
11037,0,0,3955,6034,5
11038,1,1,3958,3906,5
11039,1,1,3961,4976,5
11040,0,0,3961,217,5
11041,0,0,3962,4887,5
11042,0,0,3962,5937,5
11043,0,0,3962,5048,5
11044,0,0,3962,2411,5
11045,0,0,3962,5587,5
11046,0,0,3962,5684,5
11047,0,0,3963,4223,5
11048,0,0,3963,2542,5
11049,0,0,3963,2255,5
11050,1,0,3963,5611,5
11051,0,0,3963,5622,5
11052,0,0,3964,1027,5
11053,0,0,3964,5701,5
11054,0,0,3964,3078,5
11055,0,0,3964,611,5
11056,0,0,3964,3157,5
11057,0,0,3964,3695,5
11058,0,0,3964,5796,5
11059,0,0,3966,3670,5
11060,0,0,3967,5319,5
11061,1,1,3969,556,5
11062,0,0,3970,4038,5
11063,0,0,3970,3238,5
11064,0,0,3970,3075,5
11065,0,0,3970,3512,5
11066,0,0,3971,2083,5
11067,0,0,3971,1771,5
11068,0,0,3971,1198,5
11069,0,0,3971,2415,5
11070,1,1,3971,5416,5
11071,1,1,3972,4104,5
11072,0,0,3972,2505,5
11073,1,0,3975,1585,5
11074,0,0,3975,4982,5
11075,0,0,3975,2299,5
11076,0,0,3975,599,5
11077,0,0,3975,3382,5
11078,0,0,3975,3819,5
11079,0,0,3975,5479,5
11080,0,0,3976,3787,5
11081,0,0,3976,318,5
11082,0,0,3976,1682,5
11083,0,0,3976,390,5
11084,0,0,3976,5092,5
11085,0,0,3976,3953,5
11086,0,0,3976,3829,5
11087,0,0,3976,5448,5
11088,0,0,3976,2764,5
11089,0,0,3976,2797,5
11090,0,0,3979,4308,5
11091,0,1,3979,479,5
11092,0,0,3980,2969,5
11093,0,0,3980,244,5
11094,0,0,3980,781,5
11095,0,0,3980,483,5
11096,0,0,3980,5379,5
11097,0,0,3980,4158,5
11098,0,0,3980,4103,5
11099,0,0,3980,5432,5
11100,0,0,3980,1203,5
11101,0,0,3980,1990,5
11102,0,0,3981,1157,5
11103,0,0,3981,174,5
11104,0,0,3981,1533,5
11105,0,0,3983,3216,5
11106,1,1,3983,2866,5
11107,0,0,3983,1714,5
11108,0,0,3983,2975,5
11109,0,0,3984,2571,5
11110,0,0,3987,3670,5
11111,0,0,3988,3506,5
11112,0,0,3988,5524,5
11113,0,0,3988,4204,5
11114,0,0,3988,861,5
11115,1,1,3988,4626,5
11116,0,0,3988,5107,5
11117,0,0,3990,1973,5
11118,1,1,3990,815,5
11119,0,0,3990,4610,5
11120,0,0,3993,438,5
11121,1,1,3995,2272,5
11122,1,1,3996,903,5
11123,0,0,3997,5574,5
11124,1,1,3997,1250,5
11125,0,0,3998,5117,5
11126,0,0,3998,1538,5
11127,0,0,3999,2473,5
11128,0,0,3999,6024,5
11129,0,0,3999,2929,5
11130,0,0,3999,757,5
11131,0,0,3999,3581,5
11132,0,0,3999,4394,5
11133,1,1,4001,1888,5
11134,0,0,4004,1784,5
11135,0,0,4004,363,5
11136,0,0,4004,4462,5
11137,0,0,4006,3811,5
11138,0,0,4006,97,5
11139,0,0,4006,1205,5
11140,0,0,4006,324,5
11141,0,0,4006,5610,5
11142,0,0,4006,5395,5
11143,0,0,4006,5099,5
11144,0,0,4006,5648,5
11145,0,0,4006,2098,5
11146,0,0,4006,2869,5
11147,0,0,4007,1073,5
11148,0,0,4007,728,5
11149,0,0,4007,1342,5
11150,0,0,4007,4724,5
11151,0,0,4007,5494,5
11152,0,0,4007,2664,5
11153,0,0,4007,3558,5
11154,0,0,4007,4732,5
11155,0,0,4008,4382,5
11156,0,0,4009,4056,5
11157,0,0,4009,2530,5
11158,0,0,4009,4153,5
11159,0,0,4009,5189,5
11160,0,0,4009,6018,5
11161,0,1,4009,4212,5
11162,0,0,4009,4399,5
11163,0,0,4009,5372,5
11164,1,0,4010,780,5
11165,0,0,4012,4995,5
11166,0,0,4012,3130,5
11167,1,0,4012,2079,5
11168,0,0,4012,3817,5
11169,0,0,4015,1563,5
11170,0,0,4016,69,5
11171,0,0,4017,3671,5
11172,0,0,4017,323,5
11173,0,0,4017,2178,5
11174,0,0,4017,2045,5
11175,0,0,4017,5508,5
11176,0,0,4017,5428,5
11177,0,0,4017,3999,5
11178,0,0,4017,5956,5
11179,0,0,4017,2362,5
11180,0,0,4017,2779,5
11181,1,1,4019,965,5
11182,0,0,4021,5595,5
11183,0,0,4021,3500,5
11184,0,0,4021,1248,5
11185,0,0,4021,4700,5
11186,1,1,4023,1464,5
11187,0,0,4023,608,5
11188,0,0,4023,3854,5
11189,1,1,4024,5518,5
11190,0,0,4024,3812,5
11191,0,0,4025,3217,5
11192,0,0,4025,835,5
11193,0,0,4027,400,5
11194,0,0,4027,209,5
11195,0,0,4027,789,5
11196,0,0,4027,3940,5
11197,0,0,4027,5805,5
11198,0,0,4027,1408,5
11199,0,0,4027,3663,5
11200,0,0,4027,5250,5
11201,0,0,4028,2988,5
11202,0,0,4028,1556,5
11203,0,0,4028,4129,5
11204,0,0,4029,1842,5
11205,0,0,4029,690,5
11206,0,0,4029,1895,5
11207,0,0,4030,3073,5
11208,0,0,4030,84,5
11209,0,0,4030,925,5
11210,1,0,4030,85,5
11211,0,0,4030,3899,5
11212,0,0,4030,3810,5
11213,0,0,4030,3408,5
11214,0,0,4030,4474,5
11215,0,0,4030,1285,5
11216,0,0,4030,2999,5
11217,0,0,4031,2881,5
11218,0,0,4031,734,5
11219,0,0,4031,1667,5
11220,0,0,4031,1022,5
11221,0,0,4031,5009,5
11222,0,0,4031,4600,5
11223,0,0,4031,5511,5
11224,0,0,4031,2552,5
11225,0,0,4031,2562,5
11226,0,0,4032,4006,5
11227,1,0,4033,3651,5
11228,0,0,4033,251,5
11229,0,1,4036,5301,5
11230,0,0,4038,952,5
11231,0,0,4038,264,5
11232,0,0,4038,1249,5
11233,0,0,4038,3123,5
11234,0,0,4038,5699,5
11235,0,0,4038,2197,5
11236,0,0,4038,2877,5
11237,0,0,4038,5222,5
11238,1,1,4040,664,5
11239,0,0,4040,3815,5
11240,0,0,4040,1487,5
11241,0,0,4040,273,5
11242,0,0,4040,3103,5
11243,0,0,4040,3386,5
11244,0,0,4040,5724,5
11245,0,0,4042,5976,5
11246,1,1,4042,5766,5
11247,0,0,4043,170,5
11248,0,0,4044,3034,5
11249,1,1,4046,2438,5
11250,0,0,4048,5850,5
11251,0,0,4048,4133,5
11252,0,0,4048,630,5
11253,0,0,4048,5376,5
11254,0,0,4049,2003,5
11255,0,0,4051,2388,5
11256,0,0,4051,710,5
11257,0,0,4051,5629,5
11258,0,0,4056,2903,5
11259,0,0,4056,273,5
11260,1,1,4056,265,5
11261,0,0,4056,4635,5
11262,0,0,4056,5547,5
11263,1,1,4057,2265,5
11264,0,0,4059,608,5
11265,0,0,4059,5089,5
11266,0,0,4059,710,5
11267,0,0,4059,61,5
11268,1,1,4059,1814,5
11269,0,0,4059,4098,5
11270,0,0,4061,4710,5
11271,0,0,4061,4559,5
11272,0,0,4063,5566,5
11273,1,1,4064,267,5
11274,0,0,4066,5320,5
11275,0,0,4066,1965,5
11276,0,0,4066,475,5
11277,0,1,4066,2958,5
11278,0,0,4067,2886,5
11279,0,0,4067,5444,5
11280,0,0,4067,2897,5
11281,0,0,4067,2293,5
11282,0,0,4067,3813,5
11283,0,0,4067,4225,5
11284,0,0,4068,3577,5
11285,0,0,4068,1403,5
11286,0,0,4068,1295,5
11287,1,1,4068,2830,5
11288,1,1,4069,5295,5
11289,0,0,4070,2584,5
11290,0,0,4070,500,5
11291,0,0,4070,1883,5
11292,0,0,4070,1244,5
11293,0,0,4070,3350,5
11294,0,0,4070,3267,5
11295,0,0,4070,2994,5
11296,0,0,4070,4204,5
11297,0,0,4070,2347,5
11298,0,0,4070,2369,5
11299,1,1,4071,5789,5
11300,0,0,4071,1428,5
11301,0,0,4073,3154,5
11302,0,0,4073,152,5
11303,0,0,4073,388,5
11304,0,0,4073,349,5
11305,0,0,4073,4928,5
11306,0,0,4073,4569,5
11307,0,0,4073,3425,5
11308,0,0,4073,4951,5
11309,0,0,4073,2386,5
11310,0,0,4073,2983,5
11311,0,0,4074,3821,5
11312,0,0,4074,642,5
11313,0,0,4074,1659,5
11314,0,0,4074,773,5
11315,0,0,4074,5642,5
11316,0,0,4074,5447,5
11317,1,0,4074,3945,5
11318,0,0,4074,5997,5
11319,0,0,4074,2487,5
11320,0,0,4074,3343,5
11321,0,0,4075,5742,5
11322,0,0,4075,2687,5
11323,0,1,4075,715,5
11324,0,0,4075,3115,5
11325,0,0,4077,3090,5
11326,0,0,4077,660,5
11327,0,0,4077,1855,5
11328,0,0,4077,726,5
11329,0,0,4077,4412,5
11330,0,0,4077,4370,5
11331,0,0,4077,4333,5
11332,0,0,4077,5580,5
11333,0,0,4077,1939,5
11334,1,1,4077,2407,5
11335,0,0,4078,3127,5
11336,0,0,4078,3097,5
11337,0,0,4081,891,5
11338,1,1,4082,1981,5
11339,1,1,4085,3410,5
11340,0,1,4086,4878,5
11341,0,0,4086,4379,5
11342,0,0,4089,4826,5
11343,0,0,4089,3189,5
11344,0,0,4089,2663,5
11345,0,0,4089,4004,5
11346,0,0,4093,1809,5
11347,0,1,4093,89,5
11348,0,0,4096,2113,5
11349,0,0,4096,4603,5
11350,0,0,4096,2743,5
11351,0,0,4096,917,5
11352,0,0,4096,3006,5
11353,0,1,4096,3873,5
11354,0,0,4096,4976,5
11355,0,0,4098,2413,5
11356,0,0,4098,5310,5
11357,1,1,4098,4146,5
11358,0,0,4098,1217,5
11359,0,0,4098,4854,5
11360,0,0,4098,4946,5
11361,0,0,4099,1226,5
11362,1,1,4100,482,5
11363,0,0,4102,2609,5
11364,0,0,4106,4658,5
11365,0,0,4107,2998,5
11366,0,0,4107,1641,5
11367,0,0,4107,1153,5
11368,0,0,4107,2445,5
11369,0,0,4110,1439,5
11370,1,1,4111,471,5
11371,0,0,4113,5871,5
11372,1,1,4113,948,5
11373,1,0,4114,4479,5
11374,1,1,4115,4031,5
11375,0,0,4115,3902,5
11376,0,1,4116,3450,5
11377,0,0,4116,1930,5
11378,0,0,4116,3512,5
11379,0,0,4120,4081,5
11380,0,0,4120,5200,5
11381,0,1,4120,4180,5
11382,0,0,4120,414,5
11383,0,0,4120,4530,5
11384,0,0,4120,4994,5
11385,1,1,4121,3414,5
11386,0,0,4122,3532,5
11387,0,0,4122,937,5
11388,0,0,4124,4424,5
11389,0,0,4124,608,5
11390,0,0,4128,4061,5
11391,1,1,4128,2579,5
11392,0,0,4128,5450,5
11393,0,0,4129,1489,5
11394,1,1,4132,4698,5
11395,0,0,4132,4209,5
11396,0,0,4132,5649,5
11397,0,0,4133,4713,5
11398,0,0,4134,4104,5
11399,0,0,4135,2323,5
11400,0,0,4135,208,5
11401,0,0,4135,1420,5
11402,0,0,4135,1373,5
11403,0,0,4135,3907,5
11404,0,0,4135,3535,5
11405,1,0,4135,2638,5
11406,0,0,4135,4769,5
11407,0,0,4135,1964,5
11408,0,0,4135,2312,5
11409,0,0,4136,170,5
11410,0,0,4137,3547,5
11411,0,0,4137,172,5
11412,0,0,4137,1066,5
11413,0,0,4137,241,5
11414,0,0,4137,5607,5
11415,0,0,4137,4419,5
11416,0,0,4137,5953,5
11417,0,0,4137,2325,5
11418,0,0,4137,3212,5
11419,0,0,4140,965,5
11420,0,0,4140,5716,5
11421,0,0,4140,1334,5
11422,0,0,4140,699,5
11423,0,0,4140,5396,5
11424,0,0,4140,5562,5
11425,1,1,4142,5345,5
11426,1,1,4143,4398,5
11427,0,0,4144,1024,5
11428,0,0,4144,956,5
11429,0,0,4144,3952,5
11430,0,0,4146,2323,5
11431,0,0,4146,208,5
11432,0,0,4146,1102,5
11433,0,0,4146,452,5
11434,0,0,4146,4769,5
11435,0,0,4146,3907,5
11436,0,0,4146,3535,5
11437,0,0,4146,4998,5
11438,0,0,4146,1373,5
11439,0,0,4146,2312,5
11440,1,1,4147,3841,5
11441,0,0,4147,2593,5
11442,0,0,4148,18,5
11443,0,0,4150,1678,5
11444,0,0,4150,100,5
11445,0,1,4150,4873,5
11446,0,0,4153,2527,5
11447,0,0,4153,527,5
11448,0,0,4153,3138,5
11449,0,0,4153,3917,5
11450,0,0,4153,4291,5
11451,0,0,4153,3211,5
11452,0,0,4153,3253,5
11453,0,0,4153,4086,5
11454,0,0,4154,2798,5
11455,0,0,4155,1630,5
11456,0,0,4156,719,5
11457,0,0,4156,23,5
11458,0,0,4156,1488,5
11459,0,0,4156,3208,5
11460,0,0,4156,4214,5
11461,0,0,4156,2008,5
11462,0,0,4156,2467,5
11463,0,0,4156,3946,5
11464,1,1,4157,3295,5
11465,0,0,4159,5403,5
11466,0,0,4159,1683,5
11467,0,0,4159,59,5
11468,0,0,4159,2667,5
11469,0,0,4161,3695,5
11470,0,0,4161,1027,5
11471,0,0,4162,1728,5
11472,0,0,4162,1305,5
11473,0,0,4162,484,5
11474,0,0,4162,4053,5
11475,0,0,4162,4969,5
11476,0,0,4163,264,5
11477,0,0,4163,204,5
11478,0,0,4163,1692,5
11479,0,0,4163,3397,5
11480,0,0,4163,5326,5
11481,0,0,4163,2549,5
11482,0,0,4163,3053,5
11483,0,0,4163,4760,5
11484,0,0,4164,5124,5
11485,0,0,4164,4153,5
11486,1,1,4164,175,5
11487,0,0,4164,4713,5
11488,1,1,4165,4494,5
11489,0,0,4165,1946,5
11490,0,0,4166,4058,5
11491,0,0,4166,5286,5
11492,0,0,4166,4198,5
11493,0,0,4166,3110,5
11494,0,0,4166,4471,5
11495,0,0,4166,5173,5
11496,0,0,4166,5441,5
11497,0,0,4167,3833,5
11498,0,0,4167,1249,5
11499,0,0,4167,2348,5
11500,0,0,4167,1519,5
11501,0,0,4167,5799,5
11502,0,0,4167,5326,5
11503,0,0,4167,5875,5
11504,0,0,4167,2965,5
11505,0,0,4167,3811,5
11506,0,0,4168,6052,5
11507,0,0,4168,1776,5
11508,1,1,4169,854,5
11509,0,0,4170,5796,5
11510,0,0,4170,1569,5
11511,0,0,4170,1151,5
11512,0,0,4170,2676,5
11513,0,0,4172,1377,5
11514,0,0,4172,4786,5
11515,0,0,4172,2099,5
11516,0,0,4172,133,5
11517,0,0,4172,2154,5
11518,0,0,4172,2729,5
11519,0,0,4172,5561,5
11520,0,0,4173,260,5
11521,0,0,4173,5972,5
11522,0,0,4173,441,5
11523,0,0,4173,95,5
11524,0,0,4173,1086,5
11525,0,0,4173,5329,5
11526,0,0,4174,1916,5
11527,0,0,4174,4681,5
11528,0,0,4174,2793,5
11529,0,0,4174,1024,5
11530,0,0,4174,3543,5
11531,0,0,4174,3698,5
11532,0,0,4174,5933,5
11533,0,0,4175,707,5
11534,0,0,4175,4302,5
11535,0,0,4175,2108,5
11536,0,0,4175,112,5
11537,0,0,4175,3218,5
11538,0,0,4175,4160,5
11539,0,0,4175,5267,5
11540,1,0,4176,5730,5
11541,0,0,4177,2481,5
11542,0,0,4177,4120,5
11543,0,0,4177,2563,5
11544,0,0,4177,2462,5
11545,0,0,4177,2601,5
11546,0,0,4177,3327,5
11547,1,1,4178,2065,5
11548,0,0,4178,1913,5
11549,0,0,4178,2089,5
11550,1,1,4182,5605,5
11551,0,0,4183,1213,5
11552,0,0,4183,3452,5
11553,0,0,4183,1334,5
11554,0,0,4183,350,5
11555,0,0,4183,1493,5
11556,0,1,4183,1914,5
11557,0,0,4183,5084,5
11558,0,0,4184,4158,5
11559,0,0,4184,483,5
11560,0,0,4184,1203,5
11561,1,0,4184,781,5
11562,0,0,4184,5379,5
11563,0,0,4184,4618,5
11564,0,0,4184,4271,5
11565,0,0,4184,5432,5
11566,0,0,4184,2577,5
11567,0,0,4184,3848,5
11568,1,1,4185,125,5
11569,0,0,4187,1822,5
11570,0,0,4187,5354,5
11571,0,0,4187,3414,5
11572,0,0,4187,1342,5
11573,0,0,4187,4565,5
11574,0,0,4187,5267,5
11575,1,1,4189,2990,5
11576,0,0,4189,2374,5
11577,0,0,4189,1720,5
11578,0,0,4189,3391,5
11579,0,0,4189,5237,5
11580,0,0,4191,2863,5
11581,1,1,4191,604,5
11582,0,0,4192,1408,5
11583,0,0,4192,3415,5
11584,0,0,4192,1514,5
11585,0,0,4192,930,5
11586,0,0,4192,1754,5
11587,0,0,4192,2201,5
11588,0,0,4192,4015,5
11589,0,0,4193,1271,5
11590,0,0,4193,1140,5
11591,0,0,4193,1290,5
11592,0,0,4193,3235,5
11593,0,0,4193,5106,5
11594,0,1,4193,2374,5
11595,0,0,4193,2674,5
11596,0,0,4193,3378,5
11597,0,0,4195,3038,5
11598,0,0,4195,4918,5
11599,0,0,4195,4102,5
11600,0,1,4195,2554,5
11601,0,0,4195,4299,5
11602,0,0,4195,4315,5
11603,0,0,4195,5273,5
11604,0,0,4196,5852,5
11605,0,0,4197,5327,5
11606,0,0,4198,5838,5
11607,0,0,4198,2375,5
11608,0,0,4198,114,5
11609,0,0,4198,4055,5
11610,0,0,4201,363,5
11611,0,0,4202,5208,5
11612,0,0,4205,4025,5
11613,0,0,4205,2131,5
11614,0,0,4205,205,5
11615,0,0,4205,3302,5
11616,1,1,4206,3438,5
11617,0,0,4207,3917,5
11618,0,0,4210,5441,5
11619,0,0,4211,6002,5
11620,0,0,4211,4210,5
11621,1,1,4211,561,5
11622,0,0,4211,4415,5
11623,0,0,4213,435,5
11624,0,0,4213,3719,5
11625,0,0,4213,709,5
11626,0,0,4213,50,5
11627,0,0,4213,2243,5
11628,0,0,4213,2374,5
11629,0,1,4213,4121,5
11630,0,0,4214,494,5
11631,0,0,4214,5053,5
11632,0,0,4214,2011,5
11633,0,0,4214,173,5
11634,0,0,4214,4911,5
11635,0,0,4214,5019,5
11636,1,1,4215,2574,5
11637,0,0,4215,1791,5
11638,0,0,4220,549,5
11639,0,0,4220,375,5
11640,0,0,4220,1057,5
11641,0,0,4220,2938,5
11642,0,0,4220,5653,5
11643,0,0,4220,1718,5
11644,0,0,4220,2080,5
11645,0,0,4220,3578,5
11646,0,0,4221,4239,5
11647,0,0,4221,699,5
11648,0,0,4221,339,5
11649,0,0,4221,2438,5
11650,0,0,4222,3055,5
11651,0,0,4222,80,5
11652,0,0,4222,3217,5
11653,0,0,4224,5174,5
11654,0,0,4224,1589,5
11655,0,0,4224,421,5
11656,0,0,4224,3268,5
11657,0,0,4225,2445,5
11658,0,0,4225,1641,5
11659,0,0,4225,1153,5
11660,0,0,4225,5360,5
11661,0,0,4225,5510,5
11662,0,0,4227,3913,5
11663,0,0,4227,1473,5
11664,0,0,4227,2255,5
11665,0,0,4227,1971,5
11666,0,0,4227,5876,5
11667,0,0,4227,5611,5
11668,0,0,4227,4223,5
11669,0,0,4227,5882,5
11670,0,0,4227,2851,5
11671,0,0,4227,3543,5
11672,0,0,4228,3889,5
11673,0,0,4228,2645,5
11674,0,0,4228,529,5
11675,0,0,4228,3998,5
11676,0,0,4228,5051,5
11677,0,0,4229,3355,5
11678,0,0,4229,124,5
11679,0,0,4229,1685,5
11680,0,0,4229,240,5
11681,0,0,4229,4981,5
11682,0,0,4229,4654,5
11683,0,0,4229,4567,5
11684,0,0,4229,5713,5
11685,0,0,4229,2708,5
11686,0,0,4229,2991,5
11687,0,0,4231,76,5
11688,1,1,4232,3713,5
11689,1,1,4233,2227,5
11690,0,0,4235,4192,5
11691,0,0,4235,543,5
11692,0,0,4235,1358,5
11693,0,0,4235,1321,5
11694,0,0,4235,5247,5
11695,0,0,4235,5079,5
11696,0,0,4235,5069,5
11697,0,0,4235,5721,5
11698,0,0,4235,1889,5
11699,0,0,4235,2449,5
11700,0,0,4236,363,5
11701,0,0,4237,2739,5
11702,0,0,4237,125,5
11703,0,0,4237,379,5
11704,0,0,4237,279,5
11705,0,0,4237,4506,5
11706,0,0,4237,4228,5
11707,0,0,4237,3833,5
11708,0,0,4237,5126,5
11709,0,0,4237,1390,5
11710,0,0,4237,1910,5
11711,0,0,4238,288,5
11712,0,0,4238,4127,5
11713,0,0,4238,2733,5
11714,0,0,4238,15,5
11715,0,0,4238,2774,5
11716,0,0,4238,3845,5
11717,0,0,4238,5558,5
11718,0,0,4239,3343,5
11719,0,0,4239,440,5
11720,0,0,4239,642,5
11721,0,0,4239,609,5
11722,0,0,4239,5414,5
11723,0,0,4239,3945,5
11724,0,0,4239,3821,5
11725,0,0,4239,5447,5
11726,0,0,4239,773,5
11727,1,0,4239,2487,5
11728,0,0,4241,4335,5
11729,0,0,4242,2354,5
11730,0,0,4242,111,5
11731,0,0,4242,926,5
11732,0,0,4242,889,5
11733,0,0,4242,4721,5
11734,0,0,4242,4601,5
11735,0,0,4242,3079,5
11736,0,0,4242,5902,5
11737,0,0,4242,1134,5
11738,0,0,4242,2194,5
11739,0,0,4246,3616,5
11740,0,0,4248,1377,5
11741,0,0,4248,289,5
11742,0,0,4249,4682,5
11743,0,0,4250,5396,5
11744,0,0,4250,2634,5
11745,0,0,4250,5902,5
11746,1,1,4251,5250,5
11747,0,0,4252,3888,5
11748,0,0,4252,125,5
11749,0,0,4252,1765,5
11750,0,0,4252,201,5
11751,0,0,4252,4813,5
11752,0,0,4252,4480,5
11753,0,0,4252,4172,5
11754,1,0,4252,5489,5
11755,0,0,4252,2120,5
11756,0,0,4252,2238,5
11757,0,0,4253,4452,5
11758,0,0,4253,550,5
11759,0,0,4253,1927,5
11760,0,0,4253,1625,5
11761,0,0,4253,5109,5
11762,0,0,4253,5065,5
11763,0,0,4253,4749,5
11764,0,0,4253,5794,5
11765,0,0,4253,2623,5
11766,0,0,4253,3518,5
11767,0,0,4254,2848,5
11768,0,0,4254,106,5
11769,0,0,4254,4579,5
11770,0,1,4255,758,5
11771,0,0,4256,2757,5
11772,0,0,4256,167,5
11773,0,0,4257,4206,5
11774,0,0,4257,97,5
11775,1,0,4257,1205,5
11776,0,0,4257,160,5
11777,0,0,4257,5610,5
11778,0,0,4257,5099,5
11779,0,0,4257,4962,5
11780,0,0,4257,5648,5
11781,0,0,4257,3811,5
11782,0,0,4257,4124,5
11783,0,0,4258,4611,5
11784,0,0,4258,929,5
11785,0,0,4258,43,5
11786,1,1,4258,3496,5
11787,0,0,4259,4525,5
11788,0,0,4259,1789,5
11789,1,1,4259,891,5
11790,0,0,4259,2037,5
11791,0,0,4260,2347,5
11792,0,0,4260,323,5
11793,0,0,4260,1143,5
11794,0,0,4260,500,5
11795,0,0,4260,3323,5
11796,0,0,4260,2994,5
11797,0,0,4260,4204,5
11798,0,0,4260,1564,5
11799,0,0,4260,1883,5
11800,0,0,4261,3078,5
11801,0,0,4261,74,5
11802,0,0,4261,1642,5
11803,0,0,4261,1290,5
11804,0,0,4261,4722,5
11805,0,0,4261,4204,5
11806,0,0,4261,3288,5
11807,0,0,4261,5352,5
11808,0,0,4261,2280,5
11809,0,0,4261,2490,5
11810,1,1,4262,5327,5
11811,0,0,4262,4038,5
11812,0,0,4263,1184,5
11813,0,0,4263,544,5
11814,0,0,4264,3036,5
11815,0,0,4264,1057,5
11816,0,0,4264,1353,5
11817,0,0,4264,1158,5
11818,0,0,4264,5131,5
11819,0,0,4264,5128,5
11820,0,0,4264,4083,5
11821,0,0,4264,5667,5
11822,0,0,4264,1419,5
11823,0,0,4264,1741,5
11824,0,0,4266,3029,5
11825,0,0,4266,5005,5
11826,0,0,4266,3595,5
11827,0,0,4266,1651,5
11828,0,0,4266,3815,5
11829,1,1,4266,4757,5
11830,0,0,4268,3789,5
11831,0,0,4268,106,5
11832,1,1,4270,5267,5
11833,0,0,4270,3564,5
11834,0,0,4270,300,5
11835,0,0,4270,5354,5
11836,0,0,4270,5838,5
11837,1,1,4271,3901,5
11838,0,0,4271,1545,5
11839,0,0,4271,608,5
11840,0,0,4271,4800,5
11841,0,0,4271,5010,5
11842,1,1,4272,5865,5
11843,0,0,4272,1759,5
11844,0,0,4274,51,5
11845,0,0,4275,458,5
11846,0,0,4275,264,5
11847,0,0,4275,905,5
11848,0,0,4275,3192,5
11849,1,1,4275,5282,5
11850,0,0,4275,1645,5
11851,0,0,4275,3127,5
11852,0,0,4275,3623,5
11853,0,0,4276,5262,5
11854,0,0,4277,2352,5
11855,0,0,4277,142,5
11856,0,0,4277,841,5
11857,0,0,4277,585,5
11858,0,0,4277,5048,5
11859,0,0,4277,4894,5
11860,0,0,4277,4887,5
11861,0,0,4277,5835,5
11862,0,0,4277,882,5
11863,0,0,4277,1675,5
11864,0,0,4279,3410,5
11865,0,0,4279,193,5
11866,0,0,4279,747,5
11867,0,0,4279,631,5
11868,0,0,4279,5375,5
11869,0,0,4279,5007,5
11870,0,0,4279,4282,5
11871,0,0,4279,5605,5
11872,0,0,4279,983,5
11873,0,0,4279,1937,5
11874,0,0,4281,1040,5
11875,0,0,4281,754,5
11876,0,0,4281,1950,5
11877,0,0,4285,5679,5
11878,0,1,4285,3250,5
11879,0,0,4285,1503,5
11880,0,0,4285,3384,5
11881,0,0,4286,2392,5
11882,0,0,4286,695,5
11883,0,0,4286,1504,5
11884,0,0,4286,1196,5
11885,0,0,4286,4903,5
11886,0,0,4286,3327,5
11887,0,0,4286,5734,5
11888,0,0,4286,1686,5
11889,0,0,4286,2382,5
11890,0,0,4288,1784,5
11891,0,0,4288,856,5
11892,0,0,4288,4462,5
11893,0,0,4289,5182,5
11894,0,0,4289,2164,5
11895,0,0,4290,5680,5
11896,0,0,4290,1218,5
11897,0,0,4290,63,5
11898,0,0,4290,2514,5
11899,0,0,4292,3757,5
11900,0,0,4292,2060,5
11901,0,0,4292,2483,5
11902,0,0,4292,2418,5
11903,0,0,4292,4352,5
11904,0,1,4292,3958,5
11905,0,0,4292,5660,5
11906,0,0,4292,3309,5
11907,0,0,4292,3609,5
11908,0,0,4296,1456,5
11909,0,0,4296,616,5
11910,0,0,4296,1470,5
11911,0,0,4296,2428,5
11912,0,0,4296,5608,5
11913,0,0,4296,2354,5
11914,0,0,4296,2359,5
11915,0,0,4296,4054,5
11916,0,0,4297,1169,5
11917,0,0,4297,5808,5
11918,0,0,4297,2998,5
11919,0,0,4297,631,5
11920,0,0,4297,3012,5
11921,0,0,4297,4780,5
11922,0,0,4301,235,5
11923,1,1,4303,4008,5
11924,0,0,4306,3693,5
11925,0,0,4306,501,5
11926,0,0,4306,1849,5
11927,0,0,4306,1381,5
11928,0,0,4306,5578,5
11929,0,0,4306,3943,5
11930,0,0,4306,3756,5
11931,0,1,4306,5896,5
11932,0,0,4306,2203,5
11933,0,0,4306,3475,5
11934,0,0,4307,4395,5
11935,0,0,4307,1772,5
11936,0,0,4307,3121,5
11937,0,0,4307,2906,5
11938,0,0,4307,5355,5
11939,0,0,4307,5278,5
11940,0,0,4307,5090,5
11941,0,0,4307,5442,5
11942,0,0,4307,3228,5
11943,0,0,4307,3843,5
11944,1,1,4309,1999,5
11945,0,0,4310,3277,5
11946,0,0,4310,30,5
11947,0,0,4311,4401,5
11948,0,1,4311,4343,5
11949,0,0,4314,1929,5
11950,0,0,4314,573,5
11951,0,0,4314,651,5
11952,0,0,4314,611,5
11953,0,0,4314,4875,5
11954,0,0,4314,4514,5
11955,0,0,4314,2803,5
11956,0,0,4314,6021,5
11957,0,0,4314,794,5
11958,0,0,4314,1045,5
11959,0,0,4317,2675,5
11960,0,0,4317,393,5
11961,0,0,4317,1564,5
11962,0,0,4317,509,5
11963,0,0,4317,5017,5
11964,0,0,4317,2855,5
11965,0,0,4317,5465,5
11966,0,0,4317,1571,5
11967,0,0,4317,2608,5
11968,0,0,4318,205,5
11969,0,0,4318,2224,5
11970,0,0,4318,549,5
11971,0,0,4318,27,5
11972,0,0,4318,1242,5
11973,0,0,4318,1838,5
11974,0,0,4318,5653,5
11975,0,0,4319,4720,5
11976,0,0,4319,2756,5
11977,0,1,4319,5973,5
11978,0,0,4320,4054,5
11979,0,0,4320,1456,5
11980,0,1,4320,5608,5
11981,1,1,4321,3633,5
11982,0,0,4321,2515,5
11983,0,0,4322,2023,5
11984,0,0,4325,3853,5
11985,0,0,4326,3845,5
11986,0,0,4326,2822,5
11987,0,0,4326,2386,5
11988,1,1,4326,2983,5
11989,0,0,4327,260,5
11990,0,0,4328,1004,5
11991,0,0,4328,5885,5
11992,0,0,4328,2150,5
11993,0,0,4328,953,5
11994,0,1,4328,4503,5
11995,0,0,4328,5836,5
11996,0,0,4329,2645,5
11997,0,0,4329,529,5
11998,1,1,4329,3998,5
11999,0,0,4330,5627,5
12000,0,0,4330,3575,5
12001,0,0,4330,5860,5
12002,0,0,4331,1621,5
12003,0,0,4332,1182,5
12004,0,0,4333,1107,5
12005,0,0,4337,2822,5
12006,1,1,4337,388,5
12007,0,0,4337,5019,5
12008,0,0,4339,4309,5
12009,0,0,4341,3374,5
12010,0,0,4341,1885,5
12011,0,0,4341,5076,5
12012,0,0,4342,5987,5
12013,0,0,4342,4860,5
12014,0,0,4342,305,5
12015,0,0,4342,5901,5
12016,0,0,4343,2515,5
12017,0,0,4343,958,5
12018,1,1,4343,5148,5
12019,0,0,4345,887,5
12020,0,0,4345,3323,5
12021,1,1,4345,1103,5
12022,0,0,4345,168,5
12023,0,0,4345,1189,5
12024,0,0,4345,2739,5
12025,0,0,4345,5058,5
12026,0,0,4347,3404,5
12027,0,0,4347,2491,5
12028,0,0,4347,3950,5
12029,1,1,4348,5274,5
12030,0,0,4351,2589,5
12031,0,0,4351,59,5
12032,0,0,4351,850,5
12033,0,0,4351,553,5
12034,0,0,4351,3056,5
12035,0,0,4351,3049,5
12036,0,0,4351,2893,5
12037,0,0,4351,5255,5
12038,0,0,4351,1111,5
12039,0,0,4351,1443,5
12040,0,0,4353,1491,5
12041,0,0,4353,1215,5
12042,1,1,4354,5799,5
12043,1,1,4355,2953,5
12044,0,0,4356,776,5
12045,0,0,4356,3269,5
12046,0,0,4356,1320,5
12047,0,1,4356,78,5
12048,0,0,4356,2042,5
12049,0,0,4356,2846,5
12050,0,0,4356,5010,5
12051,0,0,4358,2743,5
12052,0,0,4358,5801,5
12053,0,0,4358,4603,5
12054,0,0,4358,917,5
12055,0,0,4358,4976,5
12056,0,0,4358,5767,5
12057,0,0,4359,6043,5
12058,0,1,4359,4812,5
12059,0,0,4359,2883,5
12060,0,0,4359,5208,5
12061,0,0,4361,4090,5
12062,0,0,4361,2725,5
12063,0,0,4361,543,5
12064,0,0,4361,5069,5
12065,0,0,4361,5247,5
12066,0,0,4362,2992,5
12067,0,0,4362,906,5
12068,0,0,4362,3872,5
12069,0,0,4363,5814,5
12070,0,0,4363,5774,5
12071,0,0,4364,2998,5
12072,0,0,4364,2839,5
12073,0,0,4364,4976,5
12074,0,0,4365,5115,5
12075,0,0,4365,1531,5
12076,0,0,4365,784,5
12077,0,0,4365,1991,5
12078,1,1,4366,4038,5
12079,0,0,4366,1257,5
12080,0,0,4367,4086,5
12081,0,0,4367,749,5
12082,0,0,4367,2643,5
12083,0,0,4367,2116,5
12084,0,0,4367,5079,5
12085,0,0,4367,4164,5
12086,0,0,4367,5902,5
12087,0,0,4367,3037,5
12088,0,0,4367,3138,5
12089,0,0,4368,1914,5
12090,0,0,4368,5474,5
12091,0,0,4368,3171,5
12092,0,0,4368,482,5
12093,0,0,4368,3802,5
12094,0,0,4368,5084,5
12095,0,0,4371,1952,5
12096,0,0,4371,1538,5
12097,0,1,4371,3176,5
12098,0,0,4373,1793,5
12099,0,0,4373,5777,5
12100,0,1,4373,1876,5
12101,0,0,4373,344,5
12102,0,0,4373,2283,5
12103,0,0,4373,2753,5
12104,1,1,4374,2393,5
12105,0,0,4376,5657,5
12106,0,0,4376,1775,5
12107,0,0,4378,4952,5
12108,0,0,4378,1033,5
12109,0,0,4378,2091,5
12110,0,0,4378,1154,5
12111,0,0,4378,5358,5
12112,0,0,4378,5214,5
12113,0,0,4378,5948,5
12114,0,0,4378,3504,5
12115,0,0,4378,3631,5
12116,0,0,4379,217,5
12117,1,1,4382,6001,5
12118,0,0,4383,2499,5
12119,0,1,4383,1137,5
12120,0,0,4385,3472,5
12121,0,0,4385,1132,5
12122,0,0,4385,836,5
12123,0,0,4385,1868,5
12124,1,1,4386,3197,5
12125,0,0,4388,3588,5
12126,1,1,4388,3064,5
12127,0,0,4388,2245,5
12128,0,0,4388,3336,5
12129,0,0,4389,5797,5
12130,1,1,4390,3332,5
12131,0,0,4391,3104,5
12132,0,0,4391,3006,5
12133,0,0,4391,5956,5
12134,0,0,4392,3791,5
12135,1,1,4394,2074,5
12136,0,0,4395,528,5
12137,1,1,4395,3521,5
12138,0,0,4395,1475,5
12139,0,0,4395,65,5
12140,0,0,4395,1694,5
12141,0,0,4395,2469,5
12142,0,0,4395,5416,5
12143,0,0,4396,4880,5
12144,0,0,4396,2556,5
12145,0,0,4396,5530,5
12146,1,1,4397,2258,5
12147,0,0,4398,5906,5
12148,0,0,4398,434,5
12149,0,0,4398,102,5
12150,0,0,4398,4915,5
12151,0,0,4399,2814,5
12152,0,0,4399,5,5
12153,0,0,4399,1768,5
12154,0,0,4399,1687,5
12155,0,0,4399,5143,5
12156,0,0,4399,4786,5
12157,0,0,4399,4166,5
12158,0,0,4399,5170,5
12159,0,0,4399,1983,5
12160,0,0,4399,2694,5
12161,0,0,4401,2123,5
12162,1,1,4402,279,5
12163,0,0,4404,1816,5
12164,0,0,4404,30,5
12165,0,0,4404,735,5
12166,0,0,4404,544,5
12167,0,0,4404,4287,5
12168,0,0,4404,4011,5
12169,0,0,4404,2445,5
12170,0,0,4404,4687,5
12171,1,0,4404,1184,5
12172,0,0,4404,1542,5
12173,0,0,4405,5464,5
12174,0,0,4405,515,5
12175,0,0,4406,501,5
12176,0,0,4406,319,5
12177,0,0,4406,5458,5
12178,0,0,4408,4732,5
12179,0,0,4409,2410,5
12180,0,0,4409,613,5
12181,0,0,4409,1262,5
12182,0,0,4409,1241,5
12183,0,1,4409,5685,5
12184,0,0,4409,3466,5
12185,0,0,4409,3163,5
12186,0,0,4409,5698,5
12187,0,0,4409,2119,5
12188,0,0,4409,2234,5
12189,0,0,4410,502,5
12190,0,0,4411,1868,5
12191,0,0,4411,4966,5
12192,0,0,4411,1958,5
12193,0,0,4411,646,5
12194,0,0,4411,1974,5
12195,0,0,4411,2669,5
12196,0,0,4412,2058,5
12197,0,0,4412,4642,5
12198,0,0,4412,2836,5
12199,0,0,4412,1208,5
12200,0,0,4412,3113,5
12201,0,0,4412,4178,5
12202,0,0,4412,4935,5
12203,0,0,4413,3418,5
12204,0,0,4413,428,5
12205,0,0,4413,1533,5
12206,1,1,4413,1493,5
12207,0,0,4413,4646,5
12208,0,0,4413,4316,5
12209,0,0,4413,3590,5
12210,0,0,4413,5637,5
12211,0,0,4413,2701,5
12212,0,0,4413,3192,5
12213,0,0,4415,835,5
12214,0,0,4416,2892,5
12215,0,0,4416,492,5
12216,0,0,4416,1419,5
12217,0,0,4416,1197,5
12218,0,0,4416,4262,5
12219,0,0,4416,3799,5
12220,0,0,4416,3258,5
12221,0,0,4416,5128,5
12222,0,0,4416,2200,5
12223,0,0,4416,2489,5
12224,0,0,4419,3612,5
12225,0,0,4419,1112,5
12226,0,0,4419,1983,5
12227,0,0,4419,1864,5
12228,0,0,4419,5196,5
12229,0,0,4419,4942,5
12230,0,0,4419,3837,5
12231,0,0,4419,5376,5
12232,0,0,4419,2105,5
12233,0,0,4419,2401,5
12234,0,0,4420,5013,5
12235,0,0,4420,975,5
12236,1,1,4420,20,5
12237,0,0,4420,4880,5
12238,1,1,4422,3940,5
12239,0,0,4423,4591,5
12240,0,0,4423,3823,5
12241,1,1,4423,632,5
12242,0,0,4423,4095,5
12243,0,0,4424,417,5
12244,0,0,4425,5138,5
12245,0,1,4425,851,5
12246,1,1,4426,804,5
12247,0,0,4430,2998,5
12248,0,0,4430,2196,5
12249,0,0,4430,455,5
12250,0,0,4430,2445,5
12251,1,1,4433,3944,5
12252,1,1,4434,5589,5
12253,0,0,4434,750,5
12254,0,0,4434,558,5
12255,0,0,4434,3948,5
12256,1,0,4435,2040,5
12257,1,0,4436,3302,5
12258,0,0,4436,240,5
12259,0,0,4437,567,5
12260,0,0,4437,3963,5
12261,0,0,4437,1356,5
12262,0,0,4437,549,5
12263,0,0,4437,2841,5
12264,0,0,4437,2915,5
12265,0,0,4439,5588,5
12266,0,0,4439,4859,5
12267,1,1,4439,2296,5
12268,0,0,4439,5145,5
12269,0,0,4441,1819,5
12270,1,1,4442,4815,5
12271,1,1,4443,5093,5
12272,0,0,4444,545,5
12273,1,1,4444,5378,5
12274,0,0,4444,1157,5
12275,0,0,4444,329,5
12276,0,0,4444,3355,5
12277,0,0,4444,4022,5
12278,0,0,4444,5510,5
12279,1,0,4445,4692,5
12280,0,0,4445,1130,5
12281,0,0,4445,2158,5
12282,0,0,4445,1774,5
12283,0,0,4445,5002,5
12284,0,0,4445,4811,5
12285,0,1,4445,4754,5
12286,0,0,4445,5555,5
12287,0,0,4445,2336,5
12288,0,0,4445,3473,5
12289,0,0,4446,1150,5
12290,0,0,4446,3510,5
12291,0,0,4446,1242,5
12292,0,0,4446,27,5
12293,0,0,4446,1617,5
12294,1,1,4446,2857,5
12295,0,0,4447,848,5
12296,0,0,4447,4906,5
12297,0,0,4447,1241,5
12298,0,0,4447,670,5
12299,0,0,4447,2674,5
12300,0,0,4447,2773,5
12301,0,0,4449,3374,5
12302,0,0,4453,2605,5
12303,0,0,4453,277,5
12304,0,0,4453,1244,5
12305,0,0,4453,371,5
12306,0,0,4453,4904,5
12307,0,0,4453,3592,5
12308,0,0,4453,3333,5
12309,0,0,4453,5257,5
12310,0,0,4453,1406,5
12311,0,0,4453,2401,5
12312,0,0,4455,4844,5
12313,0,0,4455,152,5
12314,0,0,4455,630,5
12315,0,0,4455,467,5
12316,0,0,4455,5688,5
12317,0,0,4455,5382,5
12318,0,0,4455,5369,5
12319,0,0,4455,5774,5
12320,0,0,4455,1018,5
12321,0,0,4455,1097,5
12322,0,0,4456,2873,5
12323,0,0,4458,3373,5
12324,0,0,4458,743,5
12325,0,0,4458,1628,5
12326,0,0,4458,1396,5
12327,1,1,4458,4569,5
12328,0,0,4458,3416,5
12329,0,0,4458,5277,5
12330,0,0,4458,2655,5
12331,0,0,4458,3154,5
12332,0,0,4460,4165,5
12333,0,0,4460,2869,5
12334,1,1,4461,3816,5
12335,0,0,4463,1930,5
12336,0,0,4463,680,5
12337,0,0,4464,1294,5
12338,0,0,4464,4183,5
12339,0,0,4464,2556,5
12340,0,0,4464,761,5
12341,0,0,4464,3785,5
12342,0,0,4464,3835,5
12343,0,0,4464,4748,5
12344,0,0,4465,3205,5
12345,0,0,4465,5796,5
12346,0,0,4465,3695,5
12347,0,0,4465,329,5
12348,0,0,4465,5143,5
12349,0,0,4465,5701,5
12350,0,0,4466,1249,5
12351,0,0,4467,245,5
12352,0,0,4467,3689,5
12353,0,0,4467,283,5
12354,0,0,4467,220,5
12355,0,0,4467,1635,5
12356,0,0,4467,2784,5
12357,0,0,4467,5137,5
12358,0,0,4468,615,5
12359,0,1,4469,2981,5
12360,0,0,4470,2089,5
12361,0,0,4470,3317,5
12362,0,0,4470,2414,5
12363,0,0,4470,2035,5
12364,0,0,4470,3008,5
12365,1,0,4470,3264,5
12366,0,0,4470,5974,5
12367,1,1,4471,1807,5
12368,0,0,4475,3297,5
12369,0,0,4475,2184,5
12370,0,0,4475,5796,5
12371,0,0,4476,3334,5
12372,0,0,4477,3388,5
12373,0,0,4477,1455,5
12374,1,1,4477,879,5
12375,0,0,4477,5238,5
12376,0,0,4477,6021,5
12377,1,1,4478,2467,5
12378,0,0,4479,2987,5
12379,0,1,4482,1439,5
12380,0,0,4483,3688,5
12381,1,1,4484,5575,5
12382,0,0,4484,2147,5
12383,0,0,4486,1024,5
12384,1,0,4486,719,5
12385,0,0,4488,4935,5
12386,0,0,4489,5203,5
12387,0,0,4489,1333,5
12388,0,0,4489,752,5
12389,0,0,4489,3350,5
12390,0,0,4490,4786,5
12391,1,1,4491,5686,5
12392,0,0,4492,3285,5
12393,0,1,4492,2705,5
12394,0,0,4494,3078,5
12395,1,1,4494,960,5
12396,0,0,4494,47,5
12397,0,0,4494,2550,5
12398,0,0,4496,1330,5
12399,0,0,4496,1140,5
12400,0,0,4496,2326,5
12401,0,0,4496,3396,5
12402,0,0,4496,5367,5
12403,0,0,4496,2955,5
12404,0,0,4496,3378,5
12405,0,0,4496,5198,5
12406,0,0,4497,1161,5
12407,0,0,4497,4406,5
12408,0,0,4497,2468,5
12409,0,0,4497,992,5
12410,0,0,4497,3421,5
12411,1,1,4497,3786,5
12412,0,0,4499,1966,5
12413,1,1,4499,951,5
12414,0,0,4500,3063,5
12415,0,0,4500,2990,5
12416,0,0,4500,3561,5
12417,0,0,4502,5582,5
12418,1,1,4502,1543,5
12419,0,0,4504,4202,5
12420,0,0,4504,635,5
12421,0,0,4505,3683,5
12422,0,0,4505,1,5
12423,0,0,4505,5687,5
12424,0,0,4506,3456,5
12425,0,0,4511,2073,5
12426,0,0,4511,503,5
12427,0,0,4511,962,5
12428,0,0,4511,814,5
12429,0,0,4511,4439,5
12430,0,0,4511,4155,5
12431,0,0,4511,2619,5
12432,0,0,4511,4904,5
12433,0,0,4511,1096,5
12434,0,0,4511,1668,5
12435,0,0,4512,560,5
12436,0,0,4513,5132,5
12437,0,0,4513,247,5
12438,1,1,4514,5990,5
12439,0,0,4515,4493,5
12440,0,0,4515,2632,5
12441,0,0,4515,2414,5
12442,0,0,4515,3008,5
12443,0,0,4516,1134,5
12444,0,0,4516,5558,5
12445,0,0,4516,1470,5
12446,0,0,4516,38,5
12447,0,1,4516,3135,5
12448,0,0,4516,5198,5
12449,0,0,4517,424,5
12450,0,0,4518,4401,5
12451,0,0,4519,5941,5
12452,0,0,4519,246,5
12453,0,0,4520,3549,5
12454,0,0,4520,129,5
12455,0,0,4520,1434,5
12456,0,0,4520,1324,5
12457,0,0,4520,4552,5
12458,1,1,4520,4495,5
12459,0,0,4520,5644,5
12460,0,0,4520,1527,5
12461,0,0,4520,2139,5
12462,0,0,4521,2915,5
12463,0,0,4521,514,5
12464,0,0,4521,2763,5
12465,0,0,4521,1727,5
12466,0,0,4521,3978,5
12467,0,0,4521,3953,5
12468,0,0,4521,3324,5
12469,0,0,4521,4227,5
12470,0,0,4521,2831,5
12471,0,0,4521,2841,5
12472,0,0,4522,1845,5
12473,0,0,4522,1491,5
12474,0,0,4522,1297,5
12475,0,0,4522,2238,5
12476,0,0,4522,5093,5
12477,0,0,4523,3330,5
12478,0,0,4523,1484,5
12479,0,0,4523,2068,5
12480,0,0,4523,1623,5
12481,0,0,4523,4814,5
12482,0,0,4523,3898,5
12483,0,0,4523,3855,5
12484,0,0,4523,5271,5
12485,0,0,4523,2909,5
12486,0,0,4523,3199,5
12487,0,0,4525,5738,5
12488,0,0,4525,3242,5
12489,1,1,4525,1578,5
12490,0,0,4525,4446,5
12491,0,0,4526,5461,5
12492,0,0,4526,1085,5
12493,0,0,4527,3736,5
12494,0,0,4527,1214,5
12495,0,0,4527,2318,5
12496,0,0,4527,1578,5
12497,0,0,4527,4205,5
12498,0,0,4527,3898,5
12499,0,0,4527,3826,5
12500,0,0,4527,5103,5
12501,0,0,4527,2364,5
12502,0,0,4527,2395,5
12503,0,0,4528,1788,5
12504,0,0,4528,167,5
12505,0,0,4528,1132,5
12506,0,0,4528,310,5
12507,0,0,4528,3414,5
12508,0,0,4528,3036,5
12509,0,0,4528,2216,5
12510,0,0,4528,4642,5
12511,0,0,4528,1133,5
12512,0,0,4528,1158,5
12513,0,0,4529,3527,5
12514,0,0,4529,644,5
12515,0,1,4529,4750,5
12516,0,0,4530,2558,5
12517,0,0,4530,1357,5
12518,0,1,4530,5014,5
12519,0,0,4532,3237,5
12520,1,1,4532,814,5
12521,0,0,4533,3277,5
12522,1,1,4533,207,5
12523,0,0,4534,3163,5
12524,1,1,4534,406,5
12525,0,0,4534,1514,5
12526,0,0,4534,489,5
12527,0,0,4534,4015,5
12528,0,0,4534,3387,5
12529,0,0,4534,4308,5
12530,0,0,4534,1852,5
12531,0,0,4534,2182,5
12532,0,0,4535,4676,5
12533,0,0,4536,6029,5
12534,0,0,4536,2105,5
12535,0,0,4536,2074,5
12536,0,0,4536,4109,5
12537,0,0,4539,736,5
12538,0,0,4539,524,5
12539,0,0,4540,256,5
12540,0,0,4540,140,5
12541,0,0,4540,368,5
12542,0,0,4540,3886,5
12543,0,0,4540,6005,5
12544,0,0,4540,1907,5
12545,0,0,4540,2252,5
12546,0,0,4540,5172,5
12547,0,0,4541,5989,5
12548,0,0,4541,4954,5
12549,0,0,4542,1759,5
12550,0,0,4542,1269,5
12551,0,0,4542,45,5
12552,0,0,4542,2262,5
12553,0,0,4542,5071,5
12554,0,0,4543,4220,5
12555,0,0,4543,1159,5
12556,0,0,4544,5876,5
12557,0,0,4544,1971,5
12558,0,0,4544,682,5
12559,0,0,4544,3315,5
12560,0,0,4545,3566,5
12561,0,0,4545,1789,5
12562,0,0,4545,5966,5
12563,0,0,4547,2356,5
12564,1,0,4547,4382,5
12565,0,0,4547,3247,5
12566,0,0,4547,534,5
12567,0,0,4547,3773,5
12568,0,0,4547,3774,5
12569,0,0,4547,5432,5
12570,1,1,4549,3969,5
12571,0,0,4551,2942,5
12572,0,0,4551,208,5
12573,1,0,4551,918,5
12574,0,0,4551,745,5
12575,0,0,4551,5632,5
12576,0,0,4551,4394,5
12577,0,0,4551,3771,5
12578,0,0,4551,5911,5
12579,0,0,4551,1352,5
12580,0,0,4551,2368,5
12581,0,0,4552,2234,5
12582,0,0,4552,613,5
12583,0,0,4552,900,5
12584,0,0,4552,848,5
12585,0,0,4552,3605,5
12586,0,0,4552,3466,5
12587,0,0,4552,3363,5
12588,1,1,4552,5427,5
12589,0,0,4552,1262,5
12590,0,0,4552,2119,5
12591,0,0,4553,4434,5
12592,0,0,4553,3684,5
12593,1,1,4554,639,5
12594,1,1,4555,1812,5
12595,0,0,4557,2367,5
12596,0,0,4557,604,5
12597,0,0,4557,1439,5
12598,0,0,4557,623,5
12599,1,1,4557,5032,5
12600,0,0,4557,3762,5
12601,0,0,4557,5222,5
12602,0,0,4557,1600,5
12603,0,0,4557,2258,5
12604,1,1,4558,3825,5
12605,1,1,4559,2419,5
12606,0,0,4559,1228,5
12607,0,0,4559,1061,5
12608,0,0,4559,3216,5
12609,0,0,4559,3271,5
12610,0,0,4560,1418,5
12611,0,1,4560,1216,5
12612,0,0,4561,1918,5
12613,0,0,4562,4008,5
12614,0,0,4563,5163,5
12615,0,0,4564,4642,5
12616,0,0,4564,1544,5
12617,0,0,4564,723,5
12618,1,1,4564,2048,5
12619,0,0,4565,4751,5
12620,0,0,4565,4342,5
12621,0,0,4566,5976,5
12622,0,1,4566,3023,5
12623,0,0,4569,4953,5
12624,0,0,4569,2170,5
12625,1,1,4572,3108,5
12626,0,0,4572,2144,5
12627,1,1,4577,1718,5
12628,1,1,4578,515,5
12629,0,0,4579,3620,5
12630,0,0,4579,312,5
12631,0,0,4579,2038,5
12632,0,0,4579,1502,5
12633,0,0,4579,4641,5
12634,0,0,4579,3783,5
12635,0,0,4579,5740,5
12636,0,0,4579,2079,5
12637,0,0,4579,2635,5
12638,0,0,4581,384,5
12639,0,0,4581,5502,5
12640,0,0,4581,2763,5
12641,0,0,4581,28,5
12642,0,0,4581,3953,5
12643,0,0,4581,4327,5
12644,0,0,4582,633,5
12645,0,0,4582,5891,5
12646,1,0,4582,3113,5
12647,0,0,4582,18,5
12648,0,0,4582,4570,5
12649,0,0,4582,4642,5
12650,0,0,4583,3395,5
12651,0,0,4583,288,5
12652,0,0,4583,981,5
12653,0,0,4583,555,5
12654,0,0,4583,4420,5
12655,0,0,4583,3918,5
12656,0,0,4583,4561,5
12657,0,0,4583,2060,5
12658,0,0,4583,2483,5
12659,1,1,4584,4541,5
12660,0,0,4586,3264,5
12661,0,0,4588,4379,5
12662,0,0,4588,4208,5
12663,0,0,4590,1895,5
12664,0,0,4590,1100,5
12665,0,0,4590,5869,5
12666,0,0,4592,4909,5
12667,0,0,4592,305,5
12668,0,0,4592,889,5
12669,0,0,4592,839,5
12670,0,0,4592,5901,5
12671,0,0,4592,5684,5
12672,0,0,4592,5987,5
12673,0,0,4592,2853,5
12674,0,0,4592,4051,5
12675,1,0,4594,5254,5
12676,0,0,4596,2179,5
12677,0,0,4596,1104,5
12678,1,1,4596,699,5
12679,0,0,4596,1361,5
12680,0,0,4597,1464,5
12681,0,0,4597,4559,5
12682,0,0,4597,2526,5
12683,0,0,4597,736,5
12684,0,0,4597,2875,5
12685,0,0,4597,4183,5
12686,0,0,4597,5753,5
12687,1,1,4599,4892,5
12688,0,0,4599,2782,5
12689,0,0,4599,5116,5
12690,0,0,4603,4367,5
12691,0,0,4605,5455,5
12692,0,0,4606,651,5
12693,0,0,4606,360,5
12694,0,0,4606,1344,5
12695,0,0,4607,1073,5
12696,0,0,4607,5546,5
12697,0,0,4607,1935,5
12698,0,0,4607,682,5
12699,0,0,4607,2664,5
12700,0,0,4607,4301,5
12701,0,0,4607,5657,5
12702,0,0,4608,1164,5
12703,0,0,4608,144,5
12704,0,0,4608,1725,5
12705,0,0,4608,4255,5
12706,0,0,4608,4699,5
12707,0,0,4608,2537,5
12708,0,0,4608,3186,5
12709,0,0,4608,4440,5
12710,0,0,4609,5042,5
12711,1,0,4611,4244,5
12712,0,0,4612,1331,5
12713,1,0,4612,25,5
12714,0,0,4612,512,5
12715,0,0,4612,510,5
12716,0,0,4612,4982,5
12717,0,0,4612,3636,5
12718,0,0,4612,1848,5
12719,0,0,4612,6038,5
12720,0,0,4612,586,5
12721,0,0,4612,943,5
12722,0,1,4613,2759,5
12723,0,0,4615,2553,5
12724,0,0,4615,893,5
12725,0,0,4615,411,5
12726,0,0,4615,2248,5
12727,0,0,4616,3626,5
12728,0,0,4616,39,5
12729,1,1,4616,4920,5
12730,1,1,4618,3985,5
12731,0,0,4619,4012,5
12732,0,0,4619,807,5
12733,0,0,4619,540,5
12734,1,1,4619,2586,5
12735,0,0,4620,2375,5
12736,0,0,4620,204,5
12737,0,0,4620,620,5
12738,0,0,4620,257,5
12739,0,0,4620,4367,5
12740,0,0,4620,4335,5
12741,0,0,4620,4072,5
12742,0,0,4620,4935,5
12743,0,0,4620,2148,5
12744,0,0,4620,2311,5
12745,0,0,4621,1745,5
12746,0,0,4621,870,5
12747,0,0,4621,682,5
12748,0,0,4621,3595,5
12749,0,0,4621,5552,5
12750,0,1,4622,4989,5
12751,0,0,4623,4165,5
12752,0,0,4623,2543,5
12753,0,0,4623,2160,5
12754,0,0,4623,4491,5
12755,0,0,4623,4786,5
12756,0,0,4626,4301,5
12757,0,0,4626,854,5
12758,0,0,4626,319,5
12759,0,0,4626,4109,5
12760,0,0,4630,2890,5
12761,0,0,4630,174,5
12762,0,0,4630,1035,5
12763,0,0,4630,664,5
12764,0,0,4630,4792,5
12765,0,0,4630,4517,5
12766,0,0,4630,5671,5
12767,0,0,4630,1283,5
12768,0,0,4630,2425,5
12769,0,0,4631,1397,5
12770,0,0,4631,3319,5
12771,0,0,4631,2355,5
12772,0,0,4631,320,5
12773,0,0,4631,2872,5
12774,0,0,4631,3208,5
12775,0,0,4631,3946,5
12776,0,0,4632,4552,5
12777,1,1,4632,112,5
12778,0,0,4633,2571,5
12779,0,0,4634,2485,5
12780,0,0,4634,562,5
12781,0,0,4634,1114,5
12782,0,0,4634,788,5
12783,0,0,4634,5052,5
12784,0,0,4634,4518,5
12785,0,0,4634,3288,5
12786,0,0,4634,6021,5
12787,0,0,4634,1133,5
12788,0,0,4634,2426,5
12789,0,0,4635,4784,5
12790,0,0,4635,1520,5
12791,0,0,4635,2470,5
12792,0,0,4635,2017,5
12793,0,0,4635,5494,5
12794,0,0,4635,5333,5
12795,0,0,4635,5684,5
12796,0,0,4635,3029,5
12797,0,0,4635,4341,5
12798,0,0,4636,1677,5
12799,0,0,4636,239,5
12800,0,0,4636,10,5
12801,1,0,4636,2562,5
12802,0,0,4636,4262,5
12803,0,0,4638,2121,5
12804,1,1,4638,334,5
12805,0,0,4639,3790,5
12806,0,0,4639,3129,5
12807,0,0,4639,187,5
12808,0,0,4639,3959,5
12809,0,0,4639,4414,5
12810,0,0,4640,1196,5
12811,0,0,4640,501,5
12812,0,0,4640,1204,5
12813,0,0,4640,2395,5
12814,0,0,4640,3058,5
12815,0,0,4640,2364,5
12816,0,0,4640,2378,5
12817,0,0,4640,2896,5
12818,1,1,4642,240,5
12819,0,0,4643,5759,5
12820,0,0,4643,4051,5
12821,1,0,4644,5336,5
12822,0,0,4644,4309,5
12823,0,0,4645,4438,5
12824,0,0,4645,100,5
12825,0,0,4645,211,5
12826,0,0,4645,174,5
12827,0,0,4645,5384,5
12828,0,0,4645,4873,5
12829,0,0,4645,5699,5
12830,0,0,4645,839,5
12831,0,0,4645,1678,5
12832,0,1,4648,5705,5
12833,0,0,4648,3034,5
12834,0,0,4649,5016,5
12835,0,0,4649,1652,5
12836,0,0,4649,131,5
12837,0,0,4649,3332,5
12838,0,0,4650,3196,5
12839,0,0,4650,139,5
12840,0,0,4650,2080,5
12841,0,0,4650,1759,5
12842,0,0,4650,3922,5
12843,0,0,4650,3519,5
12844,0,0,4650,5785,5
12845,0,0,4650,2369,5
12846,0,0,4650,2855,5
12847,0,0,4651,3228,5
12848,0,0,4651,1022,5
12849,0,0,4651,1447,5
12850,0,0,4651,1342,5
12851,0,0,4651,4565,5
12852,0,0,4651,3871,5
12853,0,0,4651,5709,5
12854,0,0,4651,2053,5
12855,0,0,4651,2681,5
12856,0,0,4653,412,5
12857,0,0,4653,4940,5
12858,0,0,4653,990,5
12859,0,0,4653,310,5
12860,0,0,4653,2978,5
12861,0,0,4653,4518,5
12862,1,0,4654,2695,5
12863,0,0,4655,3512,5
12864,0,1,4655,2388,5
12865,1,1,4657,3178,5
12866,0,0,4657,1597,5
12867,0,0,4658,2470,5
12868,0,0,4658,2120,5
12869,0,0,4658,1788,5
12870,0,1,4658,3195,5
12871,0,0,4658,3876,5
12872,0,0,4659,3863,5
12873,0,0,4659,1376,5
12874,1,1,4661,4961,5
12875,0,0,4661,473,5
12876,0,0,4662,3758,5
12877,0,0,4662,562,5
12878,0,0,4662,1114,5
12879,0,0,4662,788,5
12880,0,0,4662,5637,5
12881,0,0,4662,5129,5
12882,0,0,4662,4009,5
12883,0,0,4662,5657,5
12884,0,0,4662,1544,5
12885,0,0,4662,2882,5
12886,0,0,4663,5322,5
12887,0,0,4663,4115,5
12888,0,0,4663,3589,5
12889,0,0,4663,4859,5
12890,0,0,4664,1632,5
12891,0,0,4664,3757,5
12892,0,0,4664,1864,5
12893,0,0,4664,1537,5
12894,0,0,4664,2074,5
12895,1,1,4664,2105,5
12896,0,0,4664,6029,5
12897,0,0,4666,5454,5
12898,1,0,4666,1042,5
12899,1,1,4670,6021,5
12900,0,0,4671,5523,5
12901,0,0,4671,3811,5
12902,0,0,4671,954,5
12903,0,0,4671,5299,5
12904,0,0,4675,2286,5
12905,0,0,4675,133,5
12906,0,0,4675,1015,5
12907,0,0,4675,797,5
12908,0,0,4675,4972,5
12909,0,0,4675,4253,5
12910,0,0,4675,3394,5
12911,0,0,4675,5357,5
12912,0,0,4675,1356,5
12913,0,0,4675,1741,5
12914,0,0,4676,5987,5
12915,0,0,4676,5231,5
12916,0,0,4676,4051,5
12917,0,0,4676,5305,5
12918,0,0,4677,2925,5
12919,0,0,4677,930,5
12920,0,0,4677,3694,5
12921,1,1,4679,5197,5
12922,1,1,4681,5976,5
12923,1,1,4682,4127,5
12924,0,0,4683,3628,5
12925,0,0,4683,1793,5
12926,0,0,4683,4573,5
12927,0,0,4685,5596,5
12928,0,0,4685,862,5
12929,0,0,4688,2775,5
12930,0,0,4688,5954,5
12931,0,0,4688,3053,5
12932,0,1,4688,1231,5
12933,0,0,4688,3500,5
12934,0,0,4688,5137,5
12935,0,0,4689,1930,5
12936,0,0,4689,765,5
12937,0,0,4689,352,5
12938,0,0,4689,2770,5
12939,0,0,4689,3878,5
12940,0,0,4691,4361,5
12941,0,0,4691,694,5
12942,0,0,4691,1968,5
12943,0,0,4691,1110,5
12944,0,0,4691,5323,5
12945,0,0,4691,4414,5
12946,0,0,4691,5996,5
12947,0,0,4691,2428,5
12948,0,0,4691,2594,5
12949,1,1,4694,1291,5
12950,0,0,4694,539,5
12951,0,0,4695,2586,5
12952,0,0,4695,540,5
12953,0,0,4695,1358,5
12954,0,0,4695,974,5
12955,0,0,4695,5337,5
12956,0,0,4695,3508,5
12957,0,0,4695,2865,5
12958,0,0,4695,5508,5
12959,0,0,4695,1558,5
12960,0,0,4695,1873,5
12961,0,0,4696,2053,5
12962,0,0,4696,210,5
12963,0,0,4696,111,5
12964,0,0,4696,3405,5
12965,0,0,4696,4565,5
12966,1,1,4697,3858,5
12967,0,0,4698,728,5
12968,0,0,4698,3623,5
12969,0,0,4698,794,5
12970,0,0,4698,177,5
12971,0,0,4698,2047,5
12972,0,0,4698,3192,5
12973,0,0,4698,3910,5
12974,0,0,4699,966,5
12975,1,1,4699,314,5
12976,0,0,4699,185,5
12977,0,0,4699,4003,5
12978,0,0,4699,4845,5
12979,0,0,4700,4204,5
12980,0,0,4700,1184,5
12981,0,0,4700,2369,5
12982,0,0,4700,2080,5
12983,0,0,4700,5524,5
12984,0,0,4700,5107,5
12985,0,0,4700,4626,5
12986,0,0,4700,5539,5
12987,0,0,4700,3350,5
12988,0,0,4700,3506,5
12989,0,0,4701,5691,5
12990,0,0,4701,3788,5
12991,0,0,4701,2806,5
12992,0,0,4701,5566,5
12993,0,0,4702,3589,5
12994,0,0,4702,2027,5
12995,0,0,4703,1232,5
12996,0,0,4703,792,5
12997,0,0,4703,3778,5
12998,0,0,4704,4792,5
12999,0,0,4704,4517,5
13000,0,0,4705,4964,5
13001,0,0,4706,2853,5
13002,0,0,4706,999,5
13003,0,0,4706,1993,5
13004,0,0,4706,1115,5
13005,0,0,4706,5071,5
13006,0,0,4706,4182,5
13007,0,0,4706,4001,5
13008,0,0,4706,5993,5
13009,0,0,4706,2504,5
13010,0,0,4706,2728,5
13011,0,0,4709,5354,5
13012,1,1,4709,1708,5
13013,0,0,4711,5333,5
13014,0,0,4711,3049,5
13015,0,0,4711,1683,5
13016,0,0,4711,3737,5
13017,0,0,4713,4012,5
13018,0,0,4713,3686,5
13019,0,0,4713,2252,5
13020,0,0,4713,4087,5
13021,0,0,4713,4724,5
13022,1,1,4714,160,5
13023,0,0,4715,2704,5
13024,0,0,4715,4372,5
13025,1,1,4715,2948,5
13026,0,0,4715,539,5
13027,0,0,4715,3154,5
13028,0,0,4715,4050,5
13029,0,0,4715,4606,5
13030,1,1,4716,792,5
13031,0,0,4719,2316,5
13032,0,0,4719,5,5
13033,0,0,4719,947,5
13034,0,0,4719,485,5
13035,0,0,4719,5453,5
13036,0,0,4719,3322,5
13037,0,0,4719,2877,5
13038,0,0,4719,5497,5
13039,0,0,4719,1430,5
13040,0,0,4719,1928,5
13041,0,0,4720,1049,5
13042,0,0,4720,937,5
13043,0,0,4720,190,5
13044,1,1,4720,4751,5
13045,0,0,4720,5116,5
13046,0,0,4721,1918,5
13047,0,0,4721,753,5
13048,1,0,4723,3141,5
13049,0,0,4725,3297,5
13050,0,0,4725,476,5
13051,0,0,4725,1060,5
13052,0,0,4725,1045,5
13053,0,0,4725,5790,5
13054,0,0,4725,5701,5
13055,0,0,4725,4012,5
13056,0,0,4725,5796,5
13057,0,0,4725,1641,5
13058,0,0,4725,1822,5
13059,0,0,4726,3078,5
13060,0,0,4726,396,5
13061,0,0,4726,1589,5
13062,0,0,4726,1554,5
13063,0,0,4726,5403,5
13064,0,0,4726,4821,5
13065,0,0,4726,3268,5
13066,0,0,4726,5678,5
13067,0,0,4726,1805,5
13068,0,0,4726,2367,5
13069,1,1,4727,2019,5
13070,0,0,4728,2041,5
13071,0,0,4728,455,5
13072,0,0,4728,5021,5
13073,0,0,4731,4776,5
13074,0,0,4731,3663,5
13075,1,1,4732,3532,5
13076,0,0,4734,1220,5
13077,0,0,4734,1167,5
13078,0,0,4735,4749,5
13079,0,0,4735,1327,5
13080,0,0,4735,4750,5
13081,1,0,4736,50,5
13082,0,0,4739,2546,5
13083,1,1,4739,1508,5
13084,0,0,4739,621,5
13085,0,0,4739,2975,5
13086,0,0,4739,4226,5
13087,0,1,4740,345,5
13088,0,0,4742,1589,5
13089,0,0,4744,2505,5
13090,1,1,4745,2600,5
13091,1,0,4746,1758,5
13092,0,1,4746,1162,5
13093,0,1,4747,3240,5
13094,0,0,4747,2343,5
13095,0,0,4747,300,5
13096,0,0,4747,2720,5
13097,0,0,4748,2372,5
13098,0,0,4749,4353,5
13099,0,0,4752,1555,5
13100,0,0,4752,569,5
13101,0,0,4752,5209,5
13102,0,0,4753,1621,5
13103,0,0,4753,3195,5
13104,0,0,4753,1800,5
13105,0,0,4753,263,5
13106,0,0,4753,2121,5
13107,0,0,4753,2281,5
13108,0,0,4754,484,5
13109,0,0,4754,5892,5
13110,0,0,4754,2973,5
13111,0,0,4754,459,5
13112,0,0,4754,3960,5
13113,0,0,4754,4985,5
13114,0,0,4755,3716,5
13115,0,0,4755,75,5
13116,0,0,4755,4507,5
13117,0,0,4756,3688,5
13118,0,0,4756,956,5
13119,0,0,4757,3366,5
13120,0,0,4758,956,5
13121,0,0,4761,1250,5
13122,0,0,4761,4470,5
13123,0,0,4761,2893,5
13124,0,0,4761,257,5
13125,0,0,4761,4072,5
13126,0,0,4761,4150,5
13127,1,1,4762,1112,5
13128,0,0,4762,4361,5
13129,0,0,4762,1854,5
13130,0,0,4762,935,5
13131,0,0,4762,1892,5
13132,0,0,4762,4327,5
13133,0,0,4763,2494,5
13134,0,0,4763,1198,5
13135,0,0,4763,3317,5
13136,0,0,4765,4562,5
13137,0,0,4765,1337,5
13138,1,1,4767,431,5
13139,0,0,4767,5053,5
13140,0,0,4767,1685,5
13141,0,0,4767,175,5
13142,0,0,4767,1906,5
13143,0,0,4767,2580,5
13144,0,0,4767,5170,5
13145,0,0,4768,221,5
13146,0,0,4768,128,5
13147,0,0,4768,2368,5
13148,0,0,4768,5105,5
13149,0,0,4768,5843,5
13150,0,0,4768,2942,5
13151,0,0,4768,4030,5
13152,0,0,4768,5405,5
13153,0,0,4769,4525,5
13154,1,1,4769,3366,5
13155,0,0,4769,1789,5
13156,0,0,4769,4263,5
13157,0,0,4770,2674,5
13158,0,0,4770,222,5
13159,0,0,4770,1670,5
13160,0,0,4770,940,5
13161,0,0,4770,4906,5
13162,0,0,4770,4363,5
13163,0,0,4770,3160,5
13164,0,0,4770,5516,5
13165,0,0,4770,1742,5
13166,0,0,4770,2137,5
13167,0,0,4771,5644,5
13168,0,0,4771,5397,5
13169,0,0,4771,2721,5
13170,0,0,4771,5817,5
13171,0,0,4771,5956,5
13172,0,0,4772,4763,5
13173,0,0,4772,494,5
13174,0,0,4772,1473,5
13175,0,0,4772,1057,5
13176,0,0,4772,5735,5
13177,0,0,4772,5344,5
13178,0,0,4772,4854,5
13179,0,0,4772,6034,5
13180,0,0,4772,3298,5
13181,0,0,4772,4480,5
13182,1,0,4774,5476,5
13183,0,0,4774,705,5
13184,0,0,4775,4062,5
13185,0,0,4775,801,5
13186,0,0,4775,1902,5
13187,0,0,4775,1126,5
13188,0,0,4775,5199,5
13189,0,0,4775,4844,5
13190,0,0,4775,5716,5
13191,0,0,4775,3026,5
13192,0,0,4775,3457,5
13193,0,0,4776,4030,5
13194,0,0,4776,1352,5
13195,0,0,4776,2565,5
13196,0,0,4776,2368,5
13197,0,0,4776,4971,5
13198,0,0,4776,4394,5
13199,0,0,4776,5632,5
13200,0,0,4776,2942,5
13201,0,0,4776,3793,5
13202,0,0,4777,3251,5
13203,0,0,4777,3067,5
13204,0,1,4778,3392,5
13205,0,0,4778,2461,5
13206,0,0,4778,1289,5
13207,0,0,4778,3280,5
13208,0,0,4779,1282,5
13209,0,0,4779,1171,5
13210,0,0,4779,1714,5
13211,0,0,4779,4444,5
13212,0,0,4779,6033,5
13213,0,0,4779,4002,5
13214,0,0,4779,4236,5
13215,0,0,4779,5011,5
13216,0,0,4780,2489,5
13217,0,0,4782,1810,5
13218,0,0,4782,5740,5
13219,0,0,4782,2456,5
13220,0,0,4782,300,5
13221,0,0,4782,2679,5
13222,0,0,4782,3812,5
13223,0,0,4783,5537,5
13224,0,0,4783,441,5
13225,0,0,4783,260,5
13226,0,1,4783,5329,5
13227,1,1,4784,3764,5
13228,0,1,4785,5147,5
13229,1,1,4787,3403,5
13230,0,0,4788,599,5
13231,0,0,4788,534,5
13232,0,0,4788,5479,5
13233,0,0,4789,3157,5
13234,0,0,4789,1251,5
13235,0,0,4789,1590,5
13236,0,0,4789,1328,5
13237,0,0,4789,5807,5
13238,0,0,4789,4299,5
13239,0,0,4789,3244,5
13240,0,0,4789,6027,5
13241,0,0,4789,1901,5
13242,0,0,4789,1951,5
13243,1,1,4790,1343,5
13244,0,0,4792,4846,5
13245,0,0,4792,899,5
13246,0,0,4792,302,5
13247,0,0,4792,1183,5
13248,1,1,4793,4001,5
13249,0,0,4793,1115,5
13250,0,0,4793,999,5
13251,0,0,4793,2728,5
13252,0,0,4795,1918,5
13253,0,0,4796,2084,5
13254,0,0,4796,123,5
13255,0,0,4796,1244,5
13256,0,0,4796,282,5
13257,0,0,4796,3640,5
13258,0,0,4796,2607,5
13259,0,0,4796,2152,5
13260,0,0,4796,4121,5
13261,0,0,4796,1426,5
13262,0,0,4796,1892,5
13263,0,0,4797,3485,5
13264,0,0,4798,679,5
13265,0,0,4799,883,5
13266,0,0,4799,3400,5
13267,0,0,4799,954,5
13268,0,0,4799,179,5
13269,0,0,4799,2246,5
13270,0,0,4799,2521,5
13271,0,0,4799,4236,5
13272,1,1,4800,4511,5
13273,0,0,4800,1580,5
13274,0,1,4801,6048,5
13275,0,0,4802,2775,5
13276,0,0,4802,5136,5
13277,0,0,4802,3536,5
13278,0,0,4802,2725,5
13279,0,0,4802,4262,5
13280,0,0,4802,4624,5
13281,1,0,4804,5698,5
13282,1,1,4805,5760,5
13283,0,0,4805,3384,5
13284,0,0,4805,2434,5
13285,0,0,4805,3746,5
13286,0,0,4806,5998,5
13287,0,0,4806,988,5
13288,0,0,4806,6004,5
13289,0,0,4807,4711,5
13290,0,0,4807,2766,5
13291,0,0,4807,1919,5
13292,0,0,4807,3647,5
13293,0,0,4809,6043,5
13294,0,0,4809,2632,5
13295,0,0,4809,2414,5
13296,0,0,4809,5201,5
13297,0,0,4811,1678,5
13298,0,0,4811,431,5
13299,1,1,4811,1906,5
13300,0,0,4812,2364,5
13301,0,0,4812,104,5
13302,0,0,4812,1214,5
13303,0,0,4812,697,5
13304,0,0,4812,4345,5
13305,0,0,4812,3293,5
13306,0,0,4812,2538,5
13307,0,0,4812,5578,5
13308,0,0,4812,1680,5
13309,0,0,4812,2231,5
13310,0,0,4814,1952,5
13311,1,1,4814,5553,5
13312,0,0,4814,2144,5
13313,0,0,4814,343,5
13314,0,0,4814,2499,5
13315,0,0,4814,3054,5
13316,0,0,4816,2280,5
13317,0,0,4816,1929,5
13318,0,0,4816,1658,5
13319,0,0,4816,3060,5
13320,0,0,4816,6022,5
13321,0,0,4818,4462,5
13322,0,0,4818,4351,5
13323,0,0,4819,4599,5
13324,0,1,4821,5186,5
13325,0,0,4821,3320,5
13326,0,0,4821,2702,5
13327,0,0,4821,3594,5
13328,0,0,4823,2879,5
13329,0,0,4824,790,5
13330,0,0,4824,28,5
13331,0,0,4824,4055,5
13332,1,1,4825,1152,5
13333,0,0,4827,5040,5
13334,0,0,4827,1372,5
13335,0,0,4828,4514,5
13336,0,0,4828,217,5
13337,0,0,4828,1541,5
13338,0,0,4828,254,5
13339,0,0,4828,5637,5
13340,0,0,4828,4557,5
13341,0,0,4828,5684,5
13342,0,0,4828,1871,5
13343,0,0,4828,3568,5
13344,0,0,4830,1972,5
13345,0,0,4830,1251,5
13346,0,0,4830,542,5
13347,0,0,4830,5315,5
13348,0,0,4830,6027,5
13349,1,1,4831,1303,5
13350,0,0,4831,5983,5
13351,0,0,4831,2228,5
13352,0,0,4831,315,5
13353,0,0,4831,3222,5
13354,0,0,4831,5292,5
13355,0,0,4831,6045,5
13356,0,0,4833,1327,5
13357,0,0,4835,4718,5
13358,0,0,4835,56,5
13359,0,0,4835,3038,5
13360,0,0,4835,558,5
13361,0,0,4835,5028,5
13362,0,0,4835,4729,5
13363,0,0,4835,5554,5
13364,0,0,4835,3767,5
13365,0,0,4835,4602,5
13366,0,0,4836,2469,5
13367,1,1,4836,65,5
13368,0,0,4836,3521,5
13369,0,0,4837,3141,5
13370,0,0,4837,873,5
13371,0,0,4837,1892,5
13372,0,0,4837,1169,5
13373,0,0,4837,4078,5
13374,0,0,4837,4054,5
13375,0,0,4837,3940,5
13376,0,0,4837,5896,5
13377,0,0,4837,2483,5
13378,0,0,4837,2994,5
13379,0,0,4839,1822,5
13380,0,0,4839,5036,5
13381,0,0,4839,2681,5
13382,0,0,4839,707,5
13383,0,0,4839,3297,5
13384,0,0,4839,3360,5
13385,0,0,4840,4655,5
13386,0,0,4840,853,5
13387,0,0,4840,2287,5
13388,0,0,4840,984,5
13389,0,0,4840,5855,5
13390,0,0,4840,4831,5
13391,0,0,4840,5914,5
13392,0,0,4840,3637,5
13393,0,0,4840,4143,5
13394,0,0,4842,2841,5
13395,0,0,4842,1492,5
13396,0,0,4842,1269,5
13397,0,0,4842,2448,5
13398,0,0,4844,3640,5
13399,0,0,4844,549,5
13400,0,0,4844,1860,5
13401,0,0,4844,1838,5
13402,0,0,4844,5653,5
13403,0,0,4844,5155,5
13404,0,0,4844,5999,5
13405,0,0,4844,2224,5
13406,0,0,4844,3355,5
13407,0,0,4848,5430,5
13408,0,0,4848,1620,5
13409,0,0,4848,777,5
13410,0,0,4848,3267,5
13411,0,0,4849,4687,5
13412,0,0,4849,30,5
13413,0,0,4849,2320,5
13414,0,0,4849,2216,5
13415,0,0,4849,5657,5
13416,0,0,4849,5182,5
13417,0,0,4849,4732,5
13418,0,0,4849,5752,5
13419,0,0,4849,2592,5
13420,0,0,4849,4292,5
13421,0,0,4851,1008,5
13422,0,0,4851,1991,5
13423,0,0,4851,1251,5
13424,0,0,4851,58,5
13425,0,0,4851,1684,5
13426,0,0,4851,1768,5
13427,0,0,4851,2051,5
13428,0,0,4853,4437,5
13429,0,0,4853,256,5
13430,0,0,4853,2902,5
13431,0,0,4853,1745,5
13432,0,0,4853,5774,5
13433,1,1,4853,5382,5
13434,0,0,4853,5172,5
13435,0,0,4853,5814,5
13436,0,0,4853,3696,5
13437,0,0,4853,3886,5
13438,0,0,4854,5574,5
13439,1,1,4854,3846,5
13440,1,1,4855,2834,5
13441,0,1,4856,4344,5
13442,0,0,4856,2595,5
13443,0,0,4857,2037,5
13444,0,0,4857,5584,5
13445,1,1,4857,2088,5
13446,0,0,4857,1170,5
13447,0,0,4857,2604,5
13448,0,0,4857,4525,5
13449,0,0,4858,3807,5
13450,0,0,4858,2138,5
13451,0,0,4858,4305,5
13452,0,0,4859,5778,5
13453,0,0,4859,3670,5
13454,0,0,4860,2320,5
13455,1,1,4860,1935,5
13456,0,0,4860,1633,5
13457,0,0,4860,4687,5
13458,0,0,4860,5415,5
13459,0,0,4862,937,5
13460,0,0,4862,4678,5
13461,0,0,4862,2556,5
13462,1,1,4862,628,5
13463,0,0,4862,3489,5
13464,0,0,4862,4004,5
13465,0,0,4862,5144,5
13466,0,0,4863,3431,5
13467,0,0,4864,3067,5
13468,0,0,4864,100,5
13469,0,0,4864,1494,5
13470,0,0,4864,735,5
13471,0,0,4864,5415,5
13472,0,0,4864,4873,5
13473,0,0,4864,3950,5
13474,0,0,4864,5494,5
13475,0,0,4864,1520,5
13476,0,0,4864,1678,5
13477,0,0,4867,5521,5
13478,0,0,4867,3817,5
13479,0,0,4867,3130,5
13480,0,0,4867,4995,5
13481,0,0,4868,539,5
13482,0,0,4868,333,5
13483,0,0,4868,1994,5
13484,0,0,4868,4372,5
13485,0,0,4868,5814,5
13486,1,1,4868,2078,5
13487,0,0,4868,2855,5
13488,0,0,4868,4622,5
13489,0,0,4870,2800,5
13490,0,0,4870,1092,5
13491,0,0,4871,5538,5
13492,1,1,4872,62,5
13493,0,0,4873,1717,5
13494,0,0,4873,1167,5
13495,0,0,4876,1173,5
13496,0,0,4876,5376,5
13497,1,1,4876,2529,5
13498,0,0,4876,382,5
13499,0,0,4876,3038,5
13500,0,0,4876,4170,5
13501,0,0,4877,1303,5
13502,0,0,4877,4913,5
13503,0,0,4877,1503,5
13504,0,0,4877,315,5
13505,0,0,4877,1753,5
13506,0,0,4877,2392,5
13507,0,0,4877,6053,5
13508,1,1,4879,2800,5
13509,0,0,4879,937,5
13510,0,0,4879,5639,5
13511,0,0,4880,1066,5
13512,0,0,4880,172,5
13513,0,0,4880,2325,5
13514,0,0,4880,4731,5
13515,0,0,4880,5953,5
13516,0,0,4880,3547,5
13517,0,0,4880,4419,5
13518,0,0,4880,5607,5
13519,0,0,4882,2311,5
13520,0,1,4883,1996,5
13521,0,0,4884,4535,5
13522,1,0,4884,4225,5
13523,0,0,4885,2232,5
13524,0,0,4885,645,5
13525,0,0,4885,1115,5
13526,0,0,4885,999,5
13527,0,0,4885,4001,5
13528,0,0,4885,2728,5
13529,0,0,4885,4182,5
13530,0,0,4885,1149,5
13531,0,0,4885,1345,5
13532,0,0,4886,5112,5
13533,0,0,4886,913,5
13534,0,0,4886,259,5
13535,1,1,4886,4003,5
13536,0,0,4888,291,5
13537,0,0,4888,222,5
13538,1,1,4889,4863,5
13539,0,0,4890,1537,5
13540,1,1,4890,575,5
13541,0,0,4891,303,5
13542,0,0,4892,1475,5
13543,0,0,4892,5779,5
13544,0,0,4892,3478,5
13545,1,1,4892,1275,5
13546,0,0,4892,5145,5
13547,0,0,4892,5725,5
13548,0,0,4893,3028,5
13549,0,0,4893,905,5
13550,0,0,4893,4172,5
13551,0,0,4894,3028,5
13552,1,1,4894,531,5
13553,0,0,4896,2812,5
13554,0,0,4901,995,5
13555,0,0,4903,2103,5
13556,0,0,4904,1995,5
13557,0,0,4904,442,5
13558,1,1,4904,2704,5
13559,0,0,4904,4372,5
13560,0,0,4904,5955,5
13561,0,0,4904,3174,5
13562,0,0,4904,4065,5
13563,0,0,4904,5288,5
13564,1,1,4905,5999,5
13565,0,1,4907,2955,5
13566,0,0,4909,4327,5
13567,0,0,4909,28,5
13568,0,0,4910,3917,5
13569,0,0,4910,611,5
13570,0,0,4910,4203,5
13571,0,0,4911,3717,5
13572,0,0,4911,683,5
13573,0,0,4911,2652,5
13574,0,0,4911,1502,5
13575,0,0,4911,4903,5
13576,1,0,4911,4505,5
13577,0,0,4911,5703,5
13578,0,0,4911,3124,5
13579,0,0,4911,3683,5
13580,0,1,4914,967,5
13581,0,0,4915,3630,5
13582,0,0,4915,104,5
13583,0,0,4915,1988,5
13584,0,0,4915,760,5
13585,0,0,4915,5815,5
13586,0,0,4915,4736,5
13587,0,0,4915,4436,5
13588,0,0,4915,5985,5
13589,0,0,4915,3296,5
13590,0,0,4915,3571,5
13591,0,0,4916,1165,5
13592,0,0,4916,964,5
13593,0,0,4916,1743,5
13594,0,0,4916,2947,5
13595,0,0,4916,4810,5
13596,0,0,4916,2081,5
13597,0,0,4916,2120,5
13598,0,0,4916,3036,5
13599,0,0,4917,681,5
13600,0,0,4917,5891,5
13601,0,0,4917,1706,5
13602,0,0,4917,349,5
13603,1,1,4917,2895,5
13604,0,0,4917,5516,5
13605,0,0,4919,4926,5
13606,0,0,4920,3243,5
13607,0,0,4920,151,5
13608,0,0,4920,2323,5
13609,0,0,4920,1373,5
13610,0,0,4920,4769,5
13611,0,0,4920,3907,5
13612,0,0,4920,3535,5
13613,0,0,4920,5012,5
13614,0,0,4920,2508,5
13615,0,0,4920,3239,5
13616,0,1,4921,1932,5
13617,0,0,4921,2612,5
13618,0,0,4921,2063,5
13619,0,0,4921,988,5
13620,0,0,4921,2244,5
13621,0,0,4921,2522,5
13622,0,0,4922,4462,5
13623,0,0,4922,628,5
13624,1,1,4922,363,5
13625,0,0,4922,895,5
13626,0,0,4925,917,5
13627,0,0,4925,1972,5
13628,0,0,4925,1231,5
13629,0,0,4925,570,5
13630,0,0,4925,1288,5
13631,0,0,4925,1864,5
13632,0,0,4925,3504,5
13633,0,0,4926,2392,5
13634,0,0,4928,1164,5
13635,0,0,4928,5467,5
13636,0,0,4928,1362,5
13637,1,0,4928,151,5
13638,0,0,4928,1942,5
13639,0,0,4928,4247,5
13640,0,0,4930,5938,5
13641,0,0,4930,2634,5
13642,1,1,4930,1625,5
13643,0,0,4930,5065,5
13644,0,0,4931,4157,5
13645,1,1,4931,761,5
13646,0,0,4931,4260,5
13647,0,0,4932,4443,5
13648,0,0,4932,93,5
13649,0,1,4932,4529,5
13650,0,0,4934,5882,5
13651,0,0,4934,4469,5
13652,0,0,4935,3057,5
13653,0,0,4935,123,5
13654,0,0,4935,2393,5
13655,0,0,4935,556,5
13656,0,0,4935,5195,5
13657,0,0,4935,4166,5
13658,0,0,4935,3307,5
13659,0,0,4935,5739,5
13660,0,0,4935,2539,5
13661,0,0,4935,2694,5
13662,0,0,4936,2746,5
13663,0,0,4936,5216,5
13664,0,0,4936,3273,5
13665,0,0,4936,339,5
13666,0,0,4936,4118,5
13667,0,0,4936,5084,5
13668,0,0,4936,5221,5
13669,0,0,4938,4501,5
13670,0,0,4938,422,5
13671,0,0,4938,2490,5
13672,0,0,4938,635,5
13673,0,0,4938,4877,5
13674,0,0,4938,4672,5
13675,0,0,4938,5036,5
13676,0,0,4938,3662,5
13677,0,0,4938,4444,5
13678,0,0,4939,3485,5
13679,0,0,4939,100,5
13680,0,0,4939,319,5
13681,0,0,4939,174,5
13682,0,0,4939,5593,5
13683,0,0,4939,4873,5
13684,0,0,4939,3950,5
13685,0,0,4939,5952,5
13686,0,0,4939,1157,5
13687,0,0,4939,2856,5
13688,1,1,4940,2119,5
13689,0,0,4943,2800,5
13690,0,0,4943,2494,5
13691,1,1,4943,5639,5
13692,0,0,4945,540,5
13693,0,0,4945,30,5
13694,0,0,4945,2320,5
13695,0,0,4945,4601,5
13696,0,0,4945,5333,5
13697,0,0,4945,2669,5
13698,0,0,4945,3911,5
13699,0,0,4945,5182,5
13700,0,0,4946,3294,5
13701,0,0,4947,536,5
13702,0,1,4948,2159,5
13703,0,0,4949,1630,5
13704,0,0,4949,5954,5
13705,0,0,4949,2842,5
13706,0,1,4949,64,5
13707,0,0,4949,3548,5
13708,0,0,4949,3850,5
13709,0,1,4951,1917,5
13710,0,0,4952,5270,5
13711,0,1,4952,3836,5
13712,1,1,4955,2129,5
13713,0,0,4955,1852,5
13714,0,0,4956,322,5
13715,0,0,4957,3486,5
13716,0,0,4957,684,5
13717,0,0,4958,3998,5
13718,0,0,4958,1430,5
13719,0,0,4958,1851,5
13720,0,0,4958,1652,5
13721,0,0,4958,5784,5
13722,0,0,4958,5265,5
13723,0,0,4958,4983,5
13724,0,0,4958,6039,5
13725,0,0,4958,2671,5
13726,1,1,4958,3025,5
13727,1,1,4959,562,5
13728,0,0,4960,5597,5
13729,1,1,4960,1872,5
13730,0,0,4962,4006,5
13731,0,0,4962,166,5
13732,0,0,4963,4937,5
13733,0,0,4965,4739,5
13734,0,0,4965,367,5
13735,0,0,4965,1446,5
13736,0,0,4965,862,5
13737,0,0,4965,5854,5
13738,0,0,4965,5627,5
13739,0,0,4965,5596,5
13740,0,0,4965,6039,5
13741,0,0,4965,1776,5
13742,0,0,4965,4072,5
13743,0,0,4966,4408,5
13744,0,0,4966,3695,5
13745,0,0,4966,2297,5
13746,0,0,4966,5420,5
13747,0,0,4966,5997,5
13748,0,0,4967,2853,5
13749,0,0,4967,257,5
13750,0,0,4967,820,5
13751,0,0,4967,320,5
13752,0,0,4967,4335,5
13753,0,0,4967,4172,5
13754,0,0,4967,3906,5
13755,0,0,4967,5538,5
13756,0,0,4967,1397,5
13757,0,0,4967,1578,5
13758,1,1,4969,2044,5
13759,0,0,4969,52,5
13760,0,0,4970,3456,5
13761,0,0,4970,1245,5
13762,0,0,4970,69,5
13763,0,0,4970,4946,5
13764,1,1,4970,5361,5
13765,0,0,4971,4768,5
13766,0,0,4971,360,5
13767,0,0,4971,1109,5
13768,0,0,4971,428,5
13769,0,0,4971,5833,5
13770,1,1,4971,4821,5
13771,0,0,4971,5956,5
13772,0,0,4971,1506,5
13773,0,0,4971,3658,5
13774,0,0,4972,5121,5
13775,1,0,4972,4513,5
13776,0,0,4972,383,5
13777,0,0,4972,4689,5
13778,0,0,4974,4019,5
13779,0,0,4974,3915,5
13780,0,0,4975,3389,5
13781,1,1,4976,291,5
13782,0,0,4976,69,5
13783,1,1,4977,682,5
13784,0,0,4978,2473,5
13785,0,0,4978,568,5
13786,0,0,4978,963,5
13787,0,0,4978,757,5
13788,0,0,4978,4383,5
13789,0,0,4978,3581,5
13790,0,0,4978,2929,5
13791,0,0,4978,6024,5
13792,0,0,4978,1025,5
13793,0,0,4978,1063,5
13794,0,0,4979,4269,5
13795,1,1,4979,1544,5
13796,0,0,4980,3627,5
13797,1,1,4981,1601,5
13798,0,0,4982,2252,5
13799,0,0,4982,55,5
13800,0,0,4982,1928,5
13801,0,0,4982,947,5
13802,0,0,4982,5054,5
13803,0,0,4982,3385,5
13804,0,0,4982,3121,5
13805,0,0,4982,5218,5
13806,0,0,4982,2099,5
13807,0,0,4982,2240,5
13808,0,0,4983,1459,5
13809,0,0,4983,4648,5
13810,0,0,4983,1586,5
13811,0,0,4983,194,5
13812,0,0,4983,1990,5
13813,0,0,4983,3805,5
13814,0,0,4983,5468,5
13815,0,0,4984,3548,5
13816,0,0,4986,4552,5
13817,1,0,4986,505,5
13818,0,0,4990,4768,5
13819,0,0,4990,50,5
13820,0,1,4990,1577,5
13821,0,0,4990,1210,5
13822,0,0,4990,5581,5
13823,0,0,4990,5350,5
13824,0,0,4990,5053,5
13825,0,0,4990,5758,5
13826,0,0,4990,2802,5
13827,0,0,4990,3518,5
13828,0,0,4991,5727,5
13829,0,1,4992,514,5
13830,0,0,4994,4391,5
13831,0,0,4994,1519,5
13832,0,0,4994,2504,5
13833,0,0,4994,1812,5
13834,0,0,4994,5597,5
13835,0,0,4994,5218,5
13836,0,0,4994,4672,5
13837,0,0,4994,5627,5
13838,0,0,4994,3888,5
13839,0,0,4994,4066,5
13840,0,0,4995,826,5
13841,0,0,4995,5616,5
13842,0,0,4995,993,5
13843,0,0,4995,736,5
13844,0,0,4995,2875,5
13845,0,0,4995,4559,5
13846,0,1,4996,1133,5
13847,0,0,4996,1132,5
13848,0,0,4996,4181,5
13849,0,0,4997,1198,5
13850,0,0,4997,2415,5
13851,0,0,4997,1475,5
13852,0,0,4997,937,5
13853,1,1,4997,1771,5
13854,0,0,4997,1985,5
13855,0,0,4997,5416,5
13856,0,0,4999,4806,5
13857,0,0,5001,3558,5
13858,0,1,5001,1473,5
13859,0,0,5001,2255,5
13860,0,0,5001,1706,5
13861,0,0,5001,5611,5
13862,0,0,5001,5344,5
13863,0,0,5001,4223,5
13864,0,0,5001,5735,5
13865,0,0,5001,3297,5
13866,0,0,5001,3298,5
13867,0,0,5002,925,5
13868,0,0,5002,120,5
13869,0,0,5002,1285,5
13870,0,0,5002,3331,5
13871,0,0,5002,5433,5
13872,0,0,5002,1367,5
13873,0,0,5002,3073,5
13874,0,0,5002,3810,5
13875,0,0,5005,1292,5
13876,0,0,5009,2846,5
13877,0,0,5009,1044,5
13878,0,0,5009,284,5
13879,0,0,5009,4816,5
13880,0,0,5009,4878,5
13881,0,0,5011,1558,5
13882,0,0,5012,2910,5
13883,0,0,5012,27,5
13884,0,0,5012,789,5
13885,0,0,5012,549,5
13886,0,0,5012,5434,5
13887,0,0,5012,3518,5
13888,0,0,5012,3510,5
13889,0,0,5012,5448,5
13890,0,0,5012,1117,5
13891,0,0,5012,1718,5
13892,1,1,5013,2668,5
13893,0,0,5014,2226,5
13894,0,0,5014,1664,5
13895,0,0,5014,4467,5
13896,0,0,5015,5424,5
13897,0,0,5015,3847,5
13898,1,1,5015,5734,5
13899,0,0,5016,2882,5
13900,0,0,5016,176,5
13901,0,0,5016,519,5
13902,0,0,5016,330,5
13903,0,0,5016,5354,5
13904,0,0,5016,3356,5
13905,0,0,5016,3029,5
13906,0,0,5016,5637,5
13907,0,0,5016,1854,5
13908,0,0,5016,1898,5
13909,0,0,5017,3536,5
13910,0,0,5017,2017,5
13911,0,0,5017,2011,5
13912,0,0,5017,3839,5
13913,0,0,5017,4605,5
13914,0,0,5018,2643,5
13915,0,0,5018,1040,5
13916,0,0,5020,1036,5
13917,0,0,5022,4881,5
13918,0,0,5022,992,5
13919,0,0,5022,1791,5
13920,1,0,5022,1499,5
13921,0,0,5022,5304,5
13922,0,0,5022,5256,5
13923,0,0,5022,5734,5
13924,0,0,5022,3786,5
13925,0,1,5022,4201,5
13926,0,0,5023,4495,5
13927,0,0,5023,1471,5
13928,0,0,5023,1327,5
13929,0,0,5023,4637,5
13930,0,0,5023,5677,5
13931,0,0,5024,578,5
13932,0,0,5026,3717,5
13933,1,0,5026,200,5
13934,0,0,5026,2406,5
13935,0,0,5026,2068,5
13936,0,0,5026,5703,5
13937,0,0,5026,4505,5
13938,0,0,5026,3898,5
13939,0,0,5026,5788,5
13940,0,0,5026,2652,5
13941,0,0,5026,3683,5
13942,0,0,5027,3140,5
13943,0,0,5027,869,5
13944,0,0,5027,3773,5
13945,0,0,5027,4560,5
13946,0,0,5027,4974,5
13947,0,0,5027,3774,5
13948,0,0,5027,4375,5
13949,1,0,5027,4685,5
13950,1,1,5028,947,5
13951,0,1,5030,3422,5
13952,0,0,5031,1500,5
13953,1,1,5031,227,5
13954,0,0,5034,2825,5
13955,0,0,5034,34,5
13956,0,0,5034,1246,5
13957,0,0,5034,812,5
13958,0,0,5034,4290,5
13959,0,0,5034,3561,5
13960,0,0,5034,5314,5
13961,0,0,5034,2390,5
13962,0,0,5034,2818,5
13963,0,0,5037,3952,5
13964,1,1,5037,3285,5
13965,0,0,5038,3293,5
13966,0,0,5038,406,5
13967,0,0,5038,1503,5
13968,0,0,5038,1061,5
13969,0,0,5038,6033,5
13970,0,0,5038,5964,5
13971,0,0,5038,6045,5
13972,0,0,5038,2182,5
13973,0,0,5038,2419,5
13974,0,0,5039,3734,5
13975,0,0,5039,47,5
13976,1,0,5039,4918,5
13977,0,0,5040,2405,5
13978,0,0,5040,842,5
13979,0,0,5040,15,5
13980,0,0,5040,4434,5
13981,0,0,5040,5526,5
13982,0,0,5041,4379,5
13983,0,0,5041,1946,5
13984,1,1,5041,1900,5
13985,0,0,5041,4500,5
13986,0,0,5041,5068,5
13987,0,0,5042,4397,5
13988,0,1,5042,2142,5
13989,0,0,5042,4657,5
13990,0,0,5043,4018,5
13991,0,0,5045,4409,5
13992,0,0,5045,3067,5
13993,0,0,5045,5241,5
13994,0,0,5046,4912,5
13995,0,0,5046,405,5
13996,0,0,5046,1772,5
13997,0,0,5046,1484,5
13998,1,0,5046,5355,5
13999,0,0,5046,5179,5
14000,0,0,5046,5907,5
14001,0,0,5046,3736,5
14002,0,0,5046,4395,5
14003,0,0,5047,3384,5
14004,0,1,5048,2343,5
14005,0,0,5049,2203,5
14006,0,0,5049,4033,5
14007,0,0,5049,2585,5
14008,0,0,5049,334,5
14009,0,0,5049,3795,5
14010,0,0,5049,3943,5
14011,0,0,5050,2759,5
14012,0,0,5050,207,5
14013,0,0,5050,809,5
14014,0,0,5050,539,5
14015,0,0,5050,4472,5
14016,0,0,5050,3730,5
14017,0,0,5050,5337,5
14018,0,0,5050,1104,5
14019,0,0,5050,2704,5
14020,0,0,5051,1661,5
14021,0,0,5051,84,5
14022,0,0,5051,866,5
14023,0,0,5051,85,5
14024,0,0,5051,3073,5
14025,0,0,5051,2075,5
14026,1,0,5051,1897,5
14027,0,0,5051,3440,5
14028,0,0,5051,1284,5
14029,0,0,5051,1285,5
14030,0,0,5052,2744,5
14031,0,0,5052,288,5
14032,0,0,5052,1763,5
14033,0,0,5052,1580,5
14034,0,0,5052,5204,5
14035,0,0,5052,4511,5
14036,0,0,5052,4495,5
14037,0,0,5052,5944,5
14038,0,0,5052,2425,5
14039,0,0,5052,2713,5
14040,0,0,5053,5005,5
14041,0,0,5053,3066,5
14042,0,0,5054,3535,5
14043,0,0,5054,208,5
14044,0,0,5054,1373,5
14045,0,0,5054,1102,5
14046,0,0,5054,4769,5
14047,0,0,5054,4723,5
14048,1,0,5054,3907,5
14049,0,0,5054,4998,5
14050,0,0,5054,2312,5
14051,0,0,5054,2323,5
14052,0,0,5055,915,5
14053,0,0,5055,593,5
14054,0,0,5055,2334,5
14055,0,0,5055,4472,5
14056,1,1,5055,6049,5
14057,0,0,5055,2383,5
14058,0,0,5055,2906,5
14059,0,0,5055,5556,5
14060,1,1,5056,3309,5
14061,0,0,5057,4012,5
14062,0,0,5057,1282,5
14063,0,0,5057,1878,5
14064,0,0,5057,1389,5
14065,0,0,5057,4728,5
14066,0,0,5057,4722,5
14067,1,1,5057,4660,5
14068,0,0,5057,5348,5
14069,0,0,5057,1890,5
14070,0,0,5057,2852,5
14071,0,0,5058,3274,5
14072,0,0,5058,2698,5
14073,0,0,5059,3791,5
14074,0,0,5059,1380,5
14075,0,0,5059,367,5
14076,0,0,5059,1997,5
14077,0,0,5062,3244,5
14078,0,0,5062,898,5
14079,0,0,5062,1427,5
14080,0,0,5062,1338,5
14081,0,0,5062,4517,5
14082,0,0,5062,4152,5
14083,0,0,5062,5152,5
14084,0,0,5062,2534,5
14085,0,0,5062,3049,5
14086,0,1,5063,1184,5
14087,0,0,5064,930,5
14088,0,0,5064,5030,5
14089,0,0,5064,1461,5
14090,0,0,5064,837,5
14091,0,0,5064,2902,5
14092,0,0,5064,2925,5
14093,1,1,5067,1228,5
14094,0,0,5067,915,5
14095,0,1,5068,2403,5
14096,1,1,5070,5560,5
14097,0,0,5071,2452,5
14098,0,0,5072,2538,5
14099,0,0,5072,1308,5
14100,0,0,5072,1394,5
14101,0,0,5072,1336,5
14102,0,0,5072,4345,5
14103,0,0,5072,4060,5
14104,0,0,5072,3293,5
14105,0,0,5072,4913,5
14106,0,0,5072,2231,5
14107,0,0,5072,2419,5
14108,1,1,5074,968,5
14109,0,0,5074,134,5
14110,0,0,5074,88,5
14111,0,0,5074,3123,5
14112,0,0,5074,5755,5
14113,0,0,5075,3646,5
14114,0,0,5075,50,5
14115,0,0,5075,862,5
14116,0,0,5075,485,5
14117,0,0,5075,4161,5
14118,0,0,5075,3876,5
14119,0,0,5075,4958,5
14120,0,0,5075,1519,5
14121,0,0,5075,2670,5
14122,0,0,5077,1994,5
14123,0,0,5077,263,5
14124,0,0,5077,473,5
14125,0,0,5077,329,5
14126,0,0,5077,3414,5
14127,0,0,5077,2450,5
14128,0,0,5077,3701,5
14129,0,0,5077,655,5
14130,0,0,5077,1393,5
14131,0,0,5079,4223,5
14132,0,0,5079,1149,5
14133,0,0,5079,2448,5
14134,0,0,5079,2255,5
14135,0,0,5079,5494,5
14136,0,0,5079,4409,5
14137,0,0,5079,5882,5
14138,0,0,5079,2851,5
14139,0,0,5079,3913,5
14140,1,0,5080,784,5
14141,0,0,5081,2526,5
14142,0,0,5081,998,5
14143,0,0,5081,1831,5
14144,0,0,5081,1320,5
14145,0,0,5081,4676,5
14146,0,0,5081,4364,5
14147,0,0,5081,3486,5
14148,0,0,5081,5270,5
14149,0,1,5081,2184,5
14150,0,0,5081,2195,5
14151,0,0,5083,5990,5
14152,0,0,5083,2721,5
14153,0,0,5083,2694,5
14154,0,0,5083,5397,5
14155,0,0,5085,502,5
14156,0,0,5087,3904,5
14157,0,0,5087,3901,5
14158,0,0,5088,5787,5
14159,0,0,5088,2695,5
14160,0,0,5088,1986,5
14161,0,0,5088,3612,5
14162,0,0,5090,4044,5
14163,0,0,5090,3286,5
14164,0,0,5091,5024,5
14165,0,0,5091,947,5
14166,0,0,5091,4633,5
14167,0,0,5091,3797,5
14168,0,0,5091,5604,5
14169,0,0,5091,5326,5
14170,0,0,5091,5784,5
14171,0,0,5091,4667,5
14172,0,0,5091,4908,5
14173,0,0,5092,5831,5
14174,0,0,5095,502,5
14175,0,0,5095,5138,5
14176,0,0,5095,634,5
14177,0,1,5095,122,5
14178,0,0,5095,3830,5
14179,0,0,5095,4056,5
14180,0,0,5096,2998,5
14181,0,0,5096,1153,5
14182,0,0,5096,360,5
14183,0,0,5096,2445,5
14184,0,0,5097,1508,5
14185,0,0,5097,621,5
14186,0,0,5097,392,5
14187,0,0,5097,1681,5
14188,1,1,5097,3198,5
14189,1,1,5098,4953,5
14190,0,0,5098,2170,5
14191,0,0,5099,2011,5
14192,0,0,5099,4940,5
14193,0,0,5099,2216,5
14194,0,0,5099,1527,5
14195,0,0,5099,3911,5
14196,0,0,5099,4533,5
14197,0,0,5099,5238,5
14198,0,0,5101,3186,5
14199,0,0,5101,144,5
14200,0,0,5101,1725,5
14201,0,0,5101,1164,5
14202,0,0,5101,4807,5
14203,0,0,5101,4440,5
14204,0,0,5101,4247,5
14205,0,0,5101,5467,5
14206,0,0,5101,1730,5
14207,1,0,5101,2537,5
14208,0,0,5102,218,5
14209,0,0,5102,182,5
14210,0,0,5102,719,5
14211,0,0,5102,2793,5
14212,0,0,5102,5093,5
14213,0,0,5102,906,5
14214,0,0,5102,1916,5
14215,0,0,5102,4681,5
14216,0,0,5103,3198,5
14217,0,0,5103,1109,5
14218,0,0,5103,2053,5
14219,0,0,5103,1342,5
14220,0,0,5103,4506,5
14221,0,0,5103,3360,5
14222,0,0,5103,4565,5
14223,0,0,5103,2681,5
14224,0,0,5103,3106,5
14225,0,0,5104,4698,5
14226,0,0,5104,3372,5
14227,0,0,5104,1972,5
14228,0,0,5104,4669,5
14229,1,1,5105,1765,5
14230,0,0,5105,125,5
14231,0,0,5105,4813,5
14232,0,1,5106,4857,5
14233,0,0,5106,3997,5
14234,0,0,5110,3869,5
14235,1,0,5110,2289,5
14236,0,0,5112,438,5
14237,0,0,5114,4226,5
14238,0,0,5114,1753,5
14239,0,0,5114,1000,5
14240,0,1,5114,3188,5
14241,0,0,5115,2004,5
14242,0,0,5115,1737,5
14243,1,1,5116,5265,5
