,predictions,labels,left_ID,right_ID,datasets
0,0,0,488,302,3
1,0,0,156,2861,3
2,0,0,813,698,3
3,0,1,1034,749,3
4,0,0,679,355,3
5,1,1,1229,1066,3
6,0,0,682,2952,3
7,0,0,872,2635,3
8,0,0,158,2627,3
9,0,0,636,890,3
10,0,0,326,1996,3
11,0,1,1157,2110,3
12,0,0,802,2432,3
13,0,0,1302,2957,3
14,0,0,1278,1009,3
15,0,0,820,2555,3
16,0,0,356,1406,3
17,0,0,942,1120,3
18,0,0,1241,1500,3
19,0,0,1319,587,3
20,0,0,301,2467,3
21,0,0,975,72,3
22,0,1,255,1727,3
23,0,0,702,2630,3
24,1,1,999,1496,3
25,0,0,1128,2106,3
26,0,0,1316,2959,3
27,0,0,260,1748,3
28,0,0,226,194,3
29,0,0,1166,905,3
30,1,1,327,2929,3
31,0,0,777,1357,3
32,0,0,1071,2761,3
33,0,0,982,195,3
34,0,0,777,2438,3
35,1,0,629,973,3
36,0,0,503,1019,3
37,0,0,1153,2087,3
38,0,0,154,1818,3
39,0,0,348,1481,3
40,1,0,564,776,3
41,0,0,56,1413,3
42,0,1,951,571,3
43,0,0,325,2317,3
44,1,1,922,169,3
45,0,0,1271,2566,3
46,0,0,55,2817,3
47,0,0,1118,2180,3
48,0,0,73,2784,3
49,0,0,1086,2290,3
50,0,0,662,2810,3
51,0,0,816,906,3
52,0,0,1163,1610,3
53,0,0,45,433,3
54,0,0,429,2405,3
55,0,0,415,867,3
56,0,0,287,2297,3
57,0,0,531,202,3
58,0,0,716,1054,3
59,0,0,492,2166,3
60,0,0,281,447,3
61,0,0,289,2490,3
62,0,0,154,61,3
63,0,0,261,1903,3
64,0,0,260,13,3
65,0,0,847,1638,3
66,0,0,1239,1040,3
67,0,0,99,587,3
68,0,0,1125,340,3
69,0,0,267,3026,3
70,0,0,1009,2967,3
71,0,0,417,1107,3
72,0,0,599,2479,3
73,0,0,440,1755,3
74,0,0,662,2288,3
75,0,0,1161,2728,3
76,0,1,346,2706,3
77,0,0,777,2024,3
78,0,0,503,1440,3
79,0,0,1055,1960,3
80,0,0,493,1477,3
81,0,0,500,1725,3
82,0,0,301,2764,3
83,0,0,642,2669,3
84,0,0,158,289,3
85,0,0,827,168,3
86,1,0,553,2951,3
87,0,0,358,2045,3
88,0,0,820,1171,3
89,0,0,999,1717,3
90,0,0,646,2457,3
91,0,0,566,576,3
92,0,0,596,70,3
93,0,1,792,795,3
94,0,0,80,2389,3
95,0,0,84,1383,3
96,0,0,409,2623,3
97,0,0,791,2454,3
98,0,0,175,1137,3
99,1,1,644,316,3
100,0,0,1104,356,3
101,0,0,1288,497,3
102,0,0,478,1154,3
103,0,0,595,698,3
104,0,0,993,2374,3
105,0,0,287,571,3
106,1,1,636,334,3
107,0,0,485,2901,3
108,0,1,930,2200,3
109,0,0,791,2430,3
110,0,0,984,2840,3
111,0,0,681,3038,3
112,0,0,1174,563,3
113,0,0,1049,2143,3
114,0,0,893,3014,3
115,0,0,989,2808,3
116,0,0,349,2021,3
117,0,0,545,1740,3
118,0,0,141,1562,3
119,0,0,717,2125,3
120,0,0,902,1820,3
121,0,0,1043,1436,3
122,0,0,556,2895,3
123,0,0,45,767,3
124,0,0,352,2490,3
125,0,0,1271,2573,3
126,0,0,1,1914,3
127,0,0,912,699,3
128,0,0,1294,2433,3
129,0,0,702,1509,3
130,0,0,122,1864,3
131,1,1,948,1016,3
132,0,0,41,2919,3
133,0,0,116,596,3
134,0,1,429,2924,3
135,0,0,791,2858,3
136,0,0,916,2092,3
137,0,0,831,215,3
138,0,0,1104,979,3
139,0,0,1221,1363,3
140,0,0,120,11,3
141,0,0,840,2907,3
142,0,0,306,799,3
143,0,0,162,646,3
144,1,1,797,2478,3
145,0,0,602,2284,3
146,0,0,825,842,3
147,0,0,138,1930,3
148,0,0,1,1505,3
149,0,0,1043,2833,3
150,0,0,982,1442,3
151,0,0,1166,321,3
152,0,0,872,2789,3
153,0,0,1036,1559,3
154,0,0,238,1665,3
155,0,0,716,567,3
156,0,0,1291,2490,3
157,0,0,855,2657,3
158,0,0,1019,571,3
159,0,0,840,2017,3
160,0,0,1039,2469,3
161,0,0,876,1203,3
162,0,0,534,2898,3
163,0,0,1273,25,3
164,0,0,1049,2008,3
165,0,0,73,812,3
166,0,0,1228,812,3
167,0,0,1294,1742,3
168,0,0,697,152,3
169,1,0,1073,2002,3
170,0,0,106,61,3
171,0,0,1006,571,3
172,0,0,703,3005,3
173,0,0,450,25,3
174,0,0,1064,2885,3
175,0,0,1025,2503,3
176,0,0,238,1764,3
177,0,0,1241,287,3
178,0,0,245,3011,3
179,0,0,564,1395,3
180,0,0,106,131,3
181,0,0,882,823,3
182,0,0,869,2362,3
183,0,0,976,444,3
184,0,1,553,325,3
185,0,0,1239,2344,3
186,0,0,636,1150,3
187,0,0,1035,1095,3
188,0,0,602,2227,3
189,1,1,1321,634,3
190,0,0,276,195,3
191,1,1,909,162,3
192,0,0,423,2272,3
193,0,0,636,805,3
194,0,0,217,1468,3
195,0,0,97,2463,3
196,0,0,595,2358,3
197,0,0,1042,2732,3
198,0,0,1005,767,3
199,1,1,500,1546,3
200,0,0,1034,1224,3
201,0,0,636,340,3
202,0,0,1310,2447,3
203,0,0,912,2332,3
204,1,0,1025,2290,3
205,0,0,125,1123,3
206,0,0,204,1674,3
207,0,0,789,31,3
208,0,1,545,1813,3
209,0,0,562,2383,3
210,0,0,609,2940,3
211,0,0,591,1797,3
212,0,0,212,770,3
213,0,0,318,2641,3
214,0,0,293,2653,3
215,0,0,436,1036,3
216,0,0,1145,2243,3
217,0,0,1302,2782,3
218,0,1,141,1762,3
219,0,0,599,2141,3
220,0,0,999,2385,3
221,0,0,751,165,3
222,0,0,595,1997,3
223,0,1,827,2558,3
224,0,0,202,459,3
225,1,1,795,2477,3
226,0,0,1005,242,3
227,0,1,1014,778,3
228,0,0,1136,1643,3
229,0,0,514,1127,3
230,0,0,238,1831,3
231,0,1,1273,2098,3
232,0,0,484,1726,3
233,0,1,856,206,3
234,0,0,930,2216,3
235,0,0,514,1687,3
236,0,0,567,746,3
237,0,0,138,2351,3
238,1,0,1084,127,3
239,0,1,1071,2045,3
240,1,1,1056,11,3
241,0,0,1043,2013,3
242,1,0,268,2629,3
243,0,1,728,1960,3
244,0,0,204,1748,3
245,0,0,1271,2561,3
246,0,0,281,2886,3
247,0,0,1211,2811,3
248,0,0,431,2179,3
249,0,0,928,1664,3
250,0,0,145,440,3
251,0,0,752,1725,3
252,0,0,352,2837,3
253,1,0,512,2395,3
254,0,0,1337,2784,3
255,1,1,1319,635,3
256,0,0,909,754,3
257,0,0,682,1953,3
258,0,0,1243,781,3
259,0,1,1039,1970,3
260,0,0,1057,2276,3
261,0,0,228,2924,3
262,0,0,802,2280,3
263,0,0,389,1265,3
264,0,0,754,1819,3
265,0,0,404,2054,3
266,0,0,1348,1511,3
267,0,0,1271,2548,3
268,0,0,999,1147,3
269,0,0,384,2862,3
270,0,0,61,3038,3
271,0,0,286,1107,3
272,0,0,1081,2085,3
273,0,1,556,942,3
274,0,0,1241,233,3
275,0,0,1269,2097,3
276,0,0,663,164,3
277,0,0,260,744,3
278,0,0,1003,1721,3
279,1,1,1118,2122,3
280,1,0,1136,2108,3
281,1,1,751,390,3
282,0,0,1302,2090,3
283,0,0,180,1603,3
284,1,0,923,2202,3
285,0,0,1096,2380,3
286,0,0,174,1419,3
287,0,0,942,842,3
288,1,0,608,2974,3
289,1,1,1317,673,3
290,0,0,824,2637,3
291,1,1,554,1590,3
292,0,0,608,1808,3
293,0,0,383,434,3
294,0,0,1267,1989,3
295,0,0,1005,2260,3
296,0,0,928,1712,3
297,0,1,562,2649,3
298,0,0,324,2772,3
299,0,0,809,2550,3
300,0,0,903,228,3
301,1,1,903,166,3
302,0,1,1102,493,3
303,0,1,872,2435,3
304,0,0,165,1099,3
305,0,0,631,2246,3
306,0,0,942,716,3
307,0,0,203,1926,3
308,0,0,199,1450,3
309,0,0,642,834,3
310,0,0,729,2131,3
311,0,0,1028,762,3
312,0,0,1157,2396,3
313,0,0,381,2925,3
314,0,0,1289,2643,3
315,0,0,933,1500,3
316,0,0,84,1588,3
317,0,0,260,1752,3
318,0,0,629,2262,3
319,0,0,1023,571,3
320,0,0,1025,1618,3
321,0,0,926,1149,3
322,0,0,142,1893,3
323,0,0,1035,2280,3
324,0,0,88,337,3
325,0,0,124,2082,3
326,1,1,840,834,3
327,0,0,1096,784,3
328,0,0,429,1854,3
329,0,0,679,2776,3
330,0,0,999,2105,3
331,0,0,353,1954,3
332,1,1,942,882,3
333,0,0,554,140,3
334,0,0,185,414,3
335,1,0,591,1636,3
336,0,0,142,1665,3
337,0,1,1019,2254,3
338,0,1,986,382,3
339,0,1,1081,251,3
340,0,1,546,2999,3
341,0,1,125,1823,3
342,0,0,644,2573,3
343,0,0,986,702,3
344,0,0,748,569,3
345,0,0,97,1064,3
346,1,0,1199,889,3
347,0,0,332,1825,3
348,1,0,1291,9,3
349,0,1,766,2320,3
350,0,0,852,34,3
351,0,0,375,2782,3
352,0,0,487,2526,3
353,0,0,485,381,3
354,0,0,1033,2763,3
355,0,0,881,2433,3
356,0,0,1096,558,3
357,0,0,1001,1415,3
358,0,1,869,1131,3
359,1,1,805,2502,3
360,0,1,381,2515,3
361,0,0,1118,2647,3
362,0,0,42,290,3
363,0,0,1319,441,3
364,0,0,27,1459,3
365,0,0,260,1803,3
366,0,0,1153,2142,3
367,0,0,813,2273,3
368,0,0,353,2923,3
369,0,0,986,1326,3
370,0,0,324,2038,3
371,0,0,902,2977,3
372,0,0,1330,956,3
373,1,0,1153,2620,3
374,0,0,358,1981,3
375,1,1,699,404,3
376,0,0,748,1193,3
377,0,0,1049,1599,3
378,0,1,782,2387,3
379,0,1,1316,672,3
380,0,0,424,48,3
381,0,1,789,2121,3
382,0,0,293,2259,3
383,0,0,192,693,3
384,0,0,1229,1040,3
385,1,1,717,2654,3
386,0,0,545,108,3
387,0,0,1321,1156,3
388,0,0,251,1507,3
389,0,0,972,2841,3
390,0,0,1289,2641,3
391,0,0,1330,905,3
392,1,0,629,2004,3
393,0,0,124,2930,3
394,0,0,591,1571,3
395,0,1,195,1448,3
396,0,0,1025,2487,3
397,0,0,1348,412,3
398,0,0,228,1783,3
399,0,0,255,1452,3
400,0,0,1163,108,3
401,0,1,567,1605,3
402,0,0,789,2555,3
403,0,0,1025,778,3
404,0,0,554,57,3
405,1,0,512,2839,3
406,0,0,346,1166,3
407,0,0,348,567,3
408,0,1,485,2324,3
409,0,0,488,320,3
410,0,1,267,2397,3
411,0,0,604,1049,3
412,0,0,566,942,3
413,0,0,1053,2207,3
414,1,1,398,2769,3
415,0,0,185,3021,3
416,1,0,600,1410,3
417,0,1,1174,883,3
418,1,0,682,3020,3
419,0,0,1128,2133,3
420,0,0,202,2144,3
421,0,0,993,2619,3
422,1,1,45,2009,3
423,0,1,1116,1634,3
424,0,1,889,2060,3
425,0,0,777,2804,3
426,0,0,1006,2254,3
427,1,0,771,2442,3
428,0,0,1014,401,3
429,1,0,1136,2141,3
430,0,0,972,836,3
431,0,1,1006,2311,3
432,0,0,1289,1492,3
433,0,0,876,1276,3
434,0,0,869,194,3
435,0,0,251,1761,3
436,0,0,360,70,3
437,0,0,1001,1136,3
438,0,0,892,251,3
439,0,0,816,2108,3
440,0,0,564,2198,3
441,0,0,604,2370,3
442,0,0,1,2339,3
443,0,1,260,1699,3
444,0,0,591,1820,3
445,1,1,893,149,3
446,0,0,872,2929,3
447,1,1,423,1095,3
448,0,0,599,2239,3
449,0,0,830,59,3
450,0,0,816,981,3
451,0,0,572,1054,3
452,0,0,217,2318,3
453,0,0,958,1070,3
454,0,0,116,507,3
455,0,0,1064,2800,3
456,0,0,436,783,3
457,1,1,646,312,3
458,0,0,933,700,3
459,0,0,572,1138,3
460,0,0,485,1383,3
461,0,0,910,1333,3
462,1,1,884,791,3
463,0,0,204,1803,3
464,0,0,138,1908,3
465,0,0,771,2272,3
466,0,1,484,2313,3
467,1,1,51,2041,3
468,0,0,260,1751,3
469,0,1,426,659,3
470,0,0,474,67,3
471,0,1,287,2845,3
472,0,0,360,2895,3
473,0,0,1161,2134,3
474,0,0,909,2204,3
475,1,1,1055,2006,3
476,0,0,725,1269,3
477,0,0,1033,1409,3
478,1,1,349,2703,3
479,0,0,1128,2077,3
480,0,0,327,2023,3
481,0,0,1042,1482,3
482,0,1,228,1507,3
483,0,0,608,1797,3
484,0,0,1310,2757,3
485,0,0,989,2772,3
486,0,0,1025,2441,3
487,0,0,1288,317,3
488,0,0,409,327,3
489,0,0,514,2912,3
490,0,0,662,2953,3
491,0,0,682,278,3
492,0,0,591,99,3
493,0,0,596,71,3
494,0,0,986,2562,3
495,0,0,175,135,3
496,0,0,1241,728,3
497,0,0,602,2947,3
498,0,0,1057,2467,3
499,1,1,847,188,3
500,0,0,792,1132,3
501,1,1,73,1525,3
502,0,0,1288,738,3
503,0,0,375,2385,3
504,0,0,1317,2930,3
505,0,0,902,1718,3
506,0,1,421,2282,3
507,0,1,188,1476,3
508,0,0,1157,1322,3
509,0,0,1160,1129,3
510,0,0,824,1509,3
511,1,1,689,417,3
512,0,0,325,2923,3
513,0,0,203,1583,3
514,0,1,138,1847,3
515,0,1,928,108,3
516,0,0,564,843,3
517,0,0,686,2931,3
518,0,0,795,2249,3
519,0,0,228,1854,3
520,0,0,1034,2085,3
521,0,0,46,2815,3
522,0,0,971,2049,3
523,0,0,446,560,3
524,0,0,287,2172,3
525,0,0,1145,2249,3
526,0,0,1055,1981,3
527,0,0,1125,915,3
528,0,0,423,2442,3
529,1,0,855,2647,3
530,0,0,41,842,3
531,0,0,1024,2611,3
532,0,0,755,1136,3
533,0,0,202,729,3
534,0,1,697,406,3
535,0,0,1016,1345,3
536,0,0,120,2210,3
537,0,0,584,455,3
538,0,0,600,2276,3
539,0,0,716,1545,3
540,1,0,703,1526,3
541,0,0,326,3,3
542,1,0,1128,2252,3
543,1,1,356,2690,3
544,0,0,1254,794,3
545,0,0,910,678,3
546,0,0,1145,2123,3
547,0,0,536,2363,3
548,1,1,1114,928,3
549,0,0,492,2177,3
550,0,0,4,2654,3
551,0,0,287,2849,3
552,0,0,644,2968,3
553,0,0,174,2137,3
554,0,0,260,61,3
555,0,0,962,1614,3
556,0,0,676,162,3
557,0,0,869,2562,3
558,0,0,1123,2819,3
559,0,0,585,513,3
560,0,0,138,1936,3
561,0,0,702,2732,3
562,0,0,286,2904,3
563,0,0,716,786,3
564,0,0,909,766,3
565,0,0,562,2758,3
566,0,0,1057,2209,3
567,0,0,923,2899,3
568,0,0,697,2553,3
569,0,0,1170,343,3
570,0,0,454,561,3
571,0,0,192,680,3
572,0,0,754,2526,3
573,1,0,1231,2106,3
574,0,0,1239,2483,3
575,0,0,124,2870,3
576,0,0,528,891,3
577,0,0,318,1492,3
578,0,0,758,76,3
579,0,0,884,2135,3
580,0,1,192,1492,3
581,1,1,982,823,3
582,0,0,686,1061,3
583,0,0,564,786,3
584,0,0,318,1258,3
585,0,0,912,657,3
586,0,0,916,568,3
587,0,0,381,2933,3
588,0,1,686,2641,3
589,0,0,709,2176,3
590,0,1,591,1122,3
591,0,0,703,1454,3
592,0,0,855,2100,3
593,0,0,1317,2358,3
594,0,1,1104,936,3
595,0,0,488,636,3
596,0,0,289,2712,3
597,0,0,56,200,3
598,0,0,120,859,3
599,0,0,122,1826,3
600,0,0,999,3004,3
601,0,0,267,2305,3
602,0,0,840,3024,3
603,1,0,165,1088,3
604,1,1,503,380,3
605,1,1,989,2013,3
606,0,0,332,2667,3
607,0,0,24,834,3
608,0,0,1053,1967,3
609,0,0,504,1306,3
610,0,0,986,1131,3
611,0,0,429,52,3
612,0,0,124,1436,3
613,0,0,724,1624,3
614,0,0,553,576,3
615,1,0,848,2121,3
616,0,0,679,2324,3
617,0,0,478,2689,3
618,0,0,41,2990,3
619,1,0,599,2320,3
620,0,0,440,1712,3
621,0,0,91,2333,3
622,0,0,503,2694,3
623,0,0,1221,777,3
624,0,0,584,2476,3
625,0,0,447,3033,3
626,0,0,1025,1454,3
627,0,0,485,1269,3
628,0,0,59,433,3
629,0,0,942,341,3
630,0,0,287,2063,3
631,0,0,141,1672,3
632,1,1,22,1404,3
633,0,0,1064,1043,3
634,0,0,1102,2246,3
635,0,0,852,1441,3
636,0,0,1118,1342,3
637,1,1,771,2458,3
638,0,0,926,2298,3
639,0,0,1023,623,3
640,0,0,426,2090,3
641,0,0,1157,2133,3
642,0,0,608,70,3
643,0,0,650,627,3
644,0,0,1041,2812,3
645,1,0,771,2280,3
646,0,0,161,1023,3
647,0,0,245,1874,3
648,0,0,516,1743,3
649,0,0,300,2806,3
650,0,0,1244,1466,3
651,0,0,199,81,3
652,1,1,204,61,3
653,0,0,1118,2169,3
654,0,0,717,2849,3
655,0,0,81,1870,3
656,0,0,1239,2633,3
657,0,0,120,638,3
658,0,0,22,623,3
659,0,1,1253,1557,3
660,0,0,360,2977,3
661,0,0,766,1135,3
662,0,0,1229,2181,3
663,0,0,768,2195,3
664,0,0,882,616,3
665,0,0,276,306,3
666,0,0,1279,1620,3
667,0,0,872,2830,3
668,0,0,844,2297,3
669,0,0,99,829,3
670,0,0,899,2272,3
671,0,0,393,2922,3
672,0,0,910,2199,3
673,0,0,446,287,3
674,0,0,928,140,3
675,1,0,876,225,3
676,0,0,855,1342,3
677,1,1,716,439,3
678,0,0,199,1845,3
679,0,0,604,999,3
680,0,0,1143,2184,3
681,0,1,1016,782,3
682,0,0,228,1728,3
683,0,0,682,2869,3
684,1,1,268,2941,3
685,0,0,1096,532,3
686,0,0,251,1592,3
687,0,0,754,124,3
688,0,0,1160,897,3
689,0,1,596,1122,3
690,0,0,301,2208,3
691,0,1,1166,2065,3
692,0,0,703,778,3
693,0,0,766,2141,3
694,0,0,1163,1081,3
695,0,0,559,2895,3
696,0,0,824,2644,3
697,0,0,1042,826,3
698,0,0,1316,1686,3
699,0,0,42,697,3
700,0,0,602,2300,3
701,0,0,676,2215,3
702,0,0,1035,2468,3
703,1,1,199,65,3
704,0,0,672,909,3
705,0,0,1272,2052,3
706,0,0,758,2902,3
707,0,0,676,544,3
708,0,0,876,1290,3
709,0,0,236,310,3
710,0,0,423,666,3
711,0,0,1041,2204,3
712,0,0,595,599,3
713,0,0,1123,430,3
714,0,0,188,144,3
715,0,0,990,2193,3
716,0,0,584,179,3
717,0,0,545,140,3
718,0,0,444,144,3
719,0,0,514,1156,3
720,0,0,125,1938,3
721,0,0,1221,1025,3
722,1,1,474,2365,3
723,0,0,1014,2441,3
724,1,1,298,2792,3
725,0,0,436,2873,3
726,0,0,751,296,3
727,0,0,102,1086,3
728,0,0,415,2068,3
729,0,0,487,944,3
730,0,0,528,2368,3
731,0,0,984,89,3
732,0,0,717,2311,3
733,0,0,1229,2666,3
734,0,0,869,295,3
735,0,0,1039,704,3
736,0,0,1104,1319,3
737,0,0,242,1042,3
738,0,0,948,1115,3
739,0,0,417,1078,3
740,0,0,1243,634,3
741,0,0,1182,1153,3
742,1,1,681,249,3
743,0,0,444,2049,3
744,0,0,600,1776,3
745,0,0,1271,234,3
746,0,0,1330,372,3
747,0,0,662,2258,3
748,1,1,445,2101,3
749,0,0,686,2151,3
750,0,0,837,560,3
751,0,0,912,512,3
752,1,1,1222,1880,3
753,0,0,559,1557,3
754,0,0,204,1851,3
755,0,0,1235,1266,3
756,0,0,1118,2125,3
757,0,0,238,1893,3
758,0,0,403,2929,3
759,0,0,1288,489,3
760,0,0,485,1399,3
761,1,1,80,1539,3
762,1,1,940,881,3
763,0,0,676,2264,3
764,0,1,1254,456,3
765,0,0,811,1549,3
766,0,0,346,2954,3
767,0,0,1034,2883,3
768,0,0,1034,1559,3
769,0,0,251,73,3
770,0,0,393,935,3
771,0,0,1288,2000,3
772,0,0,1086,3005,3
773,0,0,346,3024,3
774,0,0,238,1724,3
775,0,0,768,821,3
776,0,0,751,940,3
777,1,1,4,1860,3
778,0,0,1055,2686,3
779,0,0,1230,2664,3
780,0,0,591,1718,3
781,0,0,697,1638,3
782,0,0,632,2797,3
783,0,1,631,326,3
784,0,0,1312,2822,3
785,0,1,1009,765,3
786,0,0,1170,225,3
787,0,0,220,1849,3
788,0,0,192,1061,3
789,0,0,923,1218,3
790,0,0,393,2925,3
791,0,0,1143,2893,3
792,0,0,625,2697,3
793,0,0,1244,158,3
794,0,0,545,1712,3
795,0,0,1211,1202,3
796,0,0,484,1514,3
797,0,0,948,1047,3
798,1,0,629,2681,3
799,0,0,504,1455,3
800,0,0,813,2045,3
801,0,0,346,834,3
802,0,0,1279,1178,3
803,0,0,91,310,3
804,0,0,752,1154,3
805,1,1,1230,503,3
806,0,0,1317,3034,3
807,1,0,982,827,3
808,0,0,631,493,3
809,0,0,289,2557,3
810,0,0,204,1752,3
811,0,0,1005,2215,3
812,0,0,893,1874,3
813,0,0,1317,2705,3
814,0,0,384,2784,3
815,0,0,1071,1981,3
816,0,0,478,1129,3
817,0,0,1288,3029,3
818,0,0,174,1490,3
819,0,0,487,2550,3
820,0,0,546,2949,3
821,0,0,748,375,3
822,0,0,813,2761,3
823,0,0,762,1415,3
824,1,1,306,2802,3
825,0,0,1145,2247,3
826,0,0,1295,2873,3
827,0,1,516,2330,3
828,0,1,454,2439,3
829,0,0,864,2819,3
830,0,0,120,624,3
831,0,0,766,1158,3
832,0,0,236,1603,3
833,0,0,1096,2457,3
834,0,0,1279,1165,3
835,0,0,124,2772,3
836,0,0,1272,2846,3
837,0,1,993,793,3
838,0,0,1348,2999,3
839,0,0,754,1366,3
840,1,1,156,2375,3
841,0,0,820,316,3
842,0,0,990,1391,3
843,0,0,1231,1057,3
844,0,0,1229,2492,3
845,0,0,642,305,3
846,0,0,358,2761,3
847,1,0,1231,1067,3
848,0,0,1114,2311,3
849,0,0,204,13,3
850,0,0,1229,1039,3
851,0,0,1267,2947,3
852,0,0,709,1634,3
853,0,0,802,747,3
854,1,1,415,2721,3
855,0,0,848,1142,3
856,0,0,975,112,3
857,0,0,238,1914,3
858,0,0,830,729,3
859,0,0,528,1499,3
860,0,0,1319,829,3
861,0,0,1053,2656,3
862,0,0,1221,1417,3
863,0,0,1295,1093,3
864,0,0,648,2049,3
865,0,0,777,1181,3
866,0,0,1314,3021,3
867,0,0,443,2919,3
868,0,0,138,1942,3
869,0,0,1050,2366,3
870,0,0,1096,774,3
871,0,0,1039,2212,3
872,0,0,641,534,3
873,0,0,893,1469,3
874,0,0,301,2258,3
875,0,0,300,2929,3
876,0,0,642,2706,3
877,0,0,525,2879,3
878,0,0,42,3024,3
879,0,0,220,1681,3
880,0,0,498,997,3
881,0,1,1302,659,3
882,0,0,554,1664,3
883,0,0,258,2550,3
884,0,0,14,2340,3
885,1,0,1084,293,3
886,0,0,165,1935,3
887,0,0,174,1682,3
888,0,0,923,2750,3
889,0,1,360,1000,3
890,0,1,1050,37,3
891,0,1,251,1746,3
892,0,0,261,1460,3
893,1,0,882,2834,3
894,0,0,116,2041,3
895,0,0,1348,2711,3
896,0,0,440,48,3
897,0,0,813,1960,3
898,0,0,255,1521,3
899,0,0,242,114,3
900,0,0,429,1592,3
901,0,0,1132,801,3
902,0,1,536,2708,3
903,0,0,1170,194,3
904,0,0,1104,2214,3
905,0,0,217,131,3
906,0,0,1163,134,3
907,0,0,947,2142,3
908,0,0,1136,2239,3
909,0,1,1,1831,3
910,0,0,346,1444,3
911,0,0,1250,2434,3
912,1,0,629,1070,3
913,0,0,1062,1943,3
914,0,0,556,325,3
915,0,0,238,2473,3
916,0,0,114,1049,3
917,0,0,554,2150,3
918,0,0,789,2843,3
919,0,0,930,2079,3
920,0,0,766,2371,3
921,0,0,629,1028,3
922,0,0,1064,1001,3
923,1,0,716,1481,3
924,1,0,948,848,3
925,0,0,1250,2276,3
926,0,1,688,2638,3
927,0,0,1316,2932,3
928,0,0,933,1544,3
929,0,0,327,1368,3
930,0,0,124,2833,3
931,1,1,752,392,3
932,0,0,909,753,3
933,0,0,1161,2180,3
934,0,1,1020,228,3
935,0,0,245,234,3
936,0,0,242,1788,3
937,0,1,1057,1985,3
938,0,0,889,75,3
939,0,0,358,2273,3
940,1,1,912,176,3
941,0,0,926,2121,3
942,1,0,165,1934,3
943,0,0,1250,2467,3
944,0,0,1291,2542,3
945,0,0,856,539,3
946,0,0,545,57,3
947,0,0,546,2648,3
948,0,0,636,2819,3
949,0,0,758,788,3
950,0,0,141,1892,3
951,0,0,650,1561,3
952,1,1,972,2867,3
953,0,0,1062,16,3
954,0,1,1062,1173,3
955,0,0,99,309,3
956,0,0,348,2611,3
957,0,0,454,2906,3
958,1,1,916,178,3
959,0,0,1042,2880,3
960,0,1,236,735,3
961,0,0,902,2415,3
962,0,0,755,148,3
963,0,0,1089,266,3
964,0,1,990,2192,3
965,0,0,349,433,3
966,0,0,1279,1003,3
967,0,0,758,1178,3
968,0,0,729,2415,3
969,0,0,584,1969,3
970,0,0,989,502,3
971,0,0,1091,633,3
972,0,0,564,822,3
973,1,1,158,1866,3
974,0,0,608,71,3
975,0,0,990,2667,3
976,0,0,41,1104,3
977,0,0,258,1819,3
978,0,0,596,1797,3
979,1,0,831,1111,3
980,0,0,488,879,3
981,0,0,125,2153,3
982,1,1,892,146,3
983,0,0,141,1832,3
984,0,0,1175,1090,3
985,0,0,751,896,3
986,0,0,595,2772,3
987,0,0,947,771,3
988,1,0,1179,2378,3
989,0,0,326,1216,3
990,0,0,1043,1416,3
991,0,1,902,1557,3
992,0,0,55,324,3
993,0,0,1291,2712,3
994,0,0,559,2977,3
995,0,0,1199,2680,3
996,0,0,1289,2274,3
997,1,0,1162,1184,3
998,0,0,791,2468,3
999,0,0,142,92,3
1000,0,0,424,1700,3
1001,0,0,125,745,3
1002,1,0,55,2621,3
1003,0,0,165,1943,3
1004,0,0,944,1408,3
1005,0,0,813,2686,3
1006,0,0,903,2815,3
1007,0,0,138,30,3
1008,0,0,1244,804,3
1009,0,0,1024,2446,3
1010,0,1,446,2092,3
1011,0,0,971,542,3
1012,0,0,1001,2293,3
1013,0,0,260,35,3
1014,1,1,318,2931,3
1015,0,0,856,2082,3
1016,0,0,228,1429,3
1017,0,1,375,2499,3
1018,0,0,1005,766,3
1019,0,0,156,2379,3
1020,1,0,818,2057,3
1021,0,0,268,1401,3
1022,0,0,1084,932,3
1023,0,0,446,568,3
1024,0,0,431,1091,3
1025,0,0,748,1441,3
1026,0,0,840,2359,3
1027,0,0,644,2852,3
1028,0,0,1102,326,3
1029,1,0,662,218,3
1030,1,1,848,5,3
1031,0,0,27,2350,3
1032,0,0,1035,2466,3
1033,0,0,348,990,3
1034,0,0,1211,2096,3
1035,0,0,600,2434,3
1036,0,0,1302,697,3
1037,0,0,493,1145,3
1038,0,0,1267,1954,3
1039,0,0,791,1095,3
1040,1,1,286,2840,3
1041,1,1,1217,501,3
1042,0,0,1125,1853,3
1043,0,0,512,2867,3
1044,0,0,1166,2184,3
1045,0,0,1235,1276,3
1046,0,0,426,2073,3
1047,0,0,106,13,3
1048,0,0,1278,1026,3
1049,0,0,681,2486,3
1050,1,0,1334,975,3
1051,0,0,158,792,3
1052,0,0,1019,2413,3
1053,0,0,608,99,3
1054,0,0,852,1084,3
1055,0,0,289,1116,3
1056,0,0,1023,2247,3
1057,0,0,809,1530,3
1058,0,0,650,287,3
1059,0,0,293,2256,3
1060,0,1,258,1722,3
1061,0,0,228,1271,3
1062,1,0,820,2237,3
1063,0,0,816,2409,3
1064,0,0,1330,264,3
1065,0,0,567,1174,3
1066,0,1,709,1594,3
1067,0,0,142,1724,3
1068,0,0,830,1311,3
1069,0,0,993,1409,3
1070,0,0,855,2169,3
1071,0,0,393,2923,3
1072,0,0,1289,680,3
1073,0,0,1009,2028,3
1074,0,0,46,2023,3
1075,0,0,500,2496,3
1076,0,0,755,230,3
1077,0,0,114,89,3
1078,0,0,403,2292,3
1079,0,0,1043,2805,3
1080,0,0,958,1976,3
1081,1,1,302,2809,3
1082,0,0,855,2306,3
1083,0,0,307,387,3
1084,0,0,1253,1881,3
1085,0,0,648,2331,3
1086,0,0,500,1729,3
1087,0,1,1291,831,3
1088,0,0,777,624,3
1089,1,1,389,2789,3
1090,0,0,567,2964,3
1091,0,0,1272,2975,3
1092,0,0,1049,2018,3
1093,0,0,889,2131,3
1094,0,0,1166,964,3
1095,0,0,1014,2084,3
1096,1,1,632,321,3
1097,0,0,567,2486,3
1098,0,0,349,772,3
1099,0,0,809,769,3
1100,0,0,758,1353,3
1101,0,0,1050,2244,3
1102,0,0,1056,742,3
1103,0,0,1081,245,3
1104,0,1,608,1122,3
1105,0,0,1050,561,3
1106,1,0,564,2787,3
1107,0,0,503,993,3
1108,0,0,791,2856,3
1109,0,0,122,1732,3
1110,0,0,1023,2069,3
1111,0,0,650,1500,3
1112,0,0,512,827,3
1113,0,0,717,2845,3
1114,0,1,91,1603,3
1115,0,0,332,2855,3
1116,0,0,585,1105,3
1117,0,0,431,1089,3
1118,0,0,138,1720,3
1119,1,1,81,1552,3
1120,0,0,600,1999,3
1121,0,0,809,1722,3
1122,0,0,942,2622,3
1123,0,0,91,735,3
1124,0,1,1089,1224,3
1125,0,0,989,2082,3
1126,0,1,114,7,3
1127,0,0,716,1462,3
1128,0,0,174,2335,3
1129,0,0,293,2654,3
1130,0,0,1041,2206,3
1131,0,0,436,2663,3
1132,0,0,327,2049,3
1133,0,0,1035,43,3
1134,0,0,1174,2109,3
1135,1,0,662,1092,3
1136,0,0,1161,2286,3
1137,0,0,1056,410,3
1138,0,0,1250,1776,3
1139,0,0,1250,1999,3
1140,0,0,789,9,3
1141,0,0,629,1976,3
1142,0,0,358,1960,3
1143,0,0,902,1636,3
1144,0,0,766,2108,3
1145,1,1,145,1798,3
1146,0,1,220,90,3
1147,0,0,156,2534,3
1148,0,0,755,2076,3
1149,1,0,154,1803,3
1150,0,0,709,2665,3
1151,0,0,625,2787,3
1152,0,0,697,2127,3
1153,0,0,602,1114,3
1154,0,0,951,2069,3
1155,0,1,1161,2100,3
1156,0,0,564,2611,3
1157,0,0,66,639,3
1158,0,0,676,2204,3
1159,0,0,268,2968,3
1160,0,0,1317,2746,3
1161,0,0,349,544,3
1162,0,0,301,2288,3
1163,0,0,1123,1588,3
1164,0,0,27,2070,3
1165,0,1,504,1609,3
1166,0,0,142,1914,3
1167,1,0,106,1932,3
1168,0,0,636,1181,3
1169,0,1,947,2216,3
1170,0,0,646,1993,3
1171,1,1,512,2659,3
1172,0,0,220,19,3
1173,0,0,567,538,3
1174,1,1,825,2505,3
1175,0,0,493,2940,3
1176,0,0,864,2804,3
1177,0,0,686,693,3
1178,0,0,261,1937,3
1179,0,0,416,2958,3
1180,0,0,1272,1370,3
1181,0,0,595,673,3
1182,1,1,436,2149,3
1183,0,0,768,3036,3
1184,0,1,443,2104,3
1185,0,0,930,2755,3
1186,0,0,1278,1022,3
1187,0,0,650,700,3
1188,0,1,202,59,3
1189,0,0,165,1683,3
1190,0,0,648,257,3
1191,0,0,962,2841,3
1192,0,0,1003,2509,3
1193,0,0,203,130,3
1194,1,1,933,869,3
1195,0,0,1228,1739,3
1196,0,0,824,2638,3
1197,0,0,1,723,3
1198,0,0,813,1981,3
1199,1,1,1179,1007,3
1200,0,0,758,1709,3
1201,0,0,431,3008,3
1202,0,0,188,1375,3
1203,0,1,1036,2883,3
1204,0,0,1145,2221,3
1205,0,0,699,1448,3
1206,0,0,599,1158,3
1207,0,0,809,1807,3
1208,0,0,24,3004,3
1209,0,0,454,2208,3
1210,0,1,1096,1021,3
1211,0,0,768,503,3
1212,0,0,1033,2143,3
1213,0,0,703,1618,3
1214,0,0,892,2795,3
1215,0,0,289,1142,3
1216,0,0,1267,773,3
1217,0,0,1001,151,3
1218,0,0,975,437,3
1219,0,0,797,2622,3
1220,0,0,242,1926,3
1221,0,0,1241,627,3
1222,0,0,498,47,3
1223,1,1,813,686,3
1224,0,0,212,1452,3
1225,0,0,982,306,3
1226,0,0,125,8,3
1227,0,0,993,2377,3
1228,0,0,199,96,3
1229,0,0,1334,1047,3
1230,0,1,1028,763,3
1231,0,0,375,1862,3
1232,0,0,204,1751,3
1233,0,0,928,1610,3
1234,1,0,816,2371,3
1235,1,1,1279,491,3
1236,0,0,650,869,3
1237,0,0,609,1602,3
1238,0,0,899,666,3
1239,0,0,1041,2634,3
1240,0,0,236,819,3
1241,0,0,122,66,3
1242,0,0,1279,2797,3
1243,0,0,220,714,3
1244,0,0,1020,491,3
1245,0,0,66,605,3
1246,0,0,348,822,3
1247,0,0,602,2250,3
1248,0,0,358,2022,3
1249,0,0,251,1828,3
1250,0,0,519,2848,3
1251,0,0,882,827,3
1252,0,0,972,616,3
1253,1,1,404,2732,3
1254,0,0,1145,2254,3
1255,0,1,703,401,3
1256,0,0,1081,563,3
1257,0,0,948,1834,3
1258,0,0,993,2763,3
1259,0,0,972,2834,3
1260,0,0,644,2980,3
1261,0,0,1014,2487,3
1262,0,0,1062,2386,3
1263,0,0,349,2813,3
1264,0,0,1104,2476,3
1265,1,0,831,2485,3
1266,0,0,909,2206,3
1267,1,1,702,2644,3
1268,0,0,1062,1944,3
1269,0,0,1057,2042,3
1270,0,0,1006,2221,3
1271,0,0,728,2700,3
1272,0,0,616,2931,3
1273,0,0,1062,1468,3
1274,0,0,1014,2290,3
1275,1,1,440,2120,3
1276,0,0,498,1183,3
1277,0,0,1319,647,3
1278,0,0,409,2852,3
1279,0,0,1056,2429,3
1280,0,0,444,2929,3
1281,0,0,346,69,3
1282,0,0,591,1808,3
1283,0,1,519,2693,3
1284,1,1,325,2925,3
1285,1,0,1050,910,3
1286,0,0,1235,1232,3
1287,1,0,250,2118,3
1288,0,0,792,1311,3
1289,0,0,602,2091,3
1290,0,0,1118,2657,3
1291,0,1,1023,157,3
1292,0,0,990,711,3
1293,0,1,729,2060,3
1294,0,0,688,1509,3
1295,0,0,203,2398,3
1296,0,0,327,2827,3
1297,0,0,220,1804,3
1298,0,0,802,1553,3
1299,0,0,431,2083,3
1300,0,0,802,2458,3
1301,1,1,424,2255,3
1302,0,0,1157,2181,3
1303,1,1,1295,707,3
1304,0,0,1239,1065,3
1305,0,0,300,2210,3
1306,0,0,1102,1381,3
1307,0,0,423,1553,3
1308,0,0,138,97,3
1309,0,0,1317,2621,3
1310,0,0,300,2819,3
1311,0,0,293,916,3
1312,1,1,203,60,3
1313,1,1,46,2498,3
1314,0,0,485,355,3
1315,0,0,268,1051,3
1316,1,1,1238,514,3
1317,0,0,1128,2110,3
1318,0,0,141,1904,3
1319,0,0,245,1375,3
1320,0,0,1163,1160,3
1321,0,0,728,2045,3
1322,0,0,498,2108,3
1323,0,0,855,2286,3
1324,1,1,1053,3032,3
1325,0,0,212,1137,3
1326,0,0,599,1135,3
1327,0,0,1014,940,3
1328,0,0,942,1131,3
1329,0,0,276,1614,3
1330,0,0,431,2692,3
1331,0,0,827,600,3
1332,0,0,61,3018,3
1333,0,0,251,1841,3
1334,1,0,1084,326,3
1335,0,0,293,2278,3
1336,0,0,81,2865,3
1337,0,0,1089,2085,3
1338,0,0,454,1833,3
1339,0,0,59,612,3
1340,0,0,1071,1960,3
1341,0,0,61,2237,3
1342,0,0,809,2615,3
1343,0,0,324,2833,3
1344,0,0,525,2085,3
1345,0,0,1125,334,3
1346,0,1,663,223,3
1347,0,0,933,233,3
1348,0,0,818,2142,3
1349,0,0,534,1101,3
1350,0,0,1035,1553,3
1351,0,0,245,404,3
1352,0,0,1073,182,3
1353,0,1,791,666,3
1354,0,0,751,917,3
1355,0,0,942,1771,3
1356,0,0,1057,2016,3
1357,0,0,258,124,3
1358,1,1,1123,998,3
1359,0,0,554,108,3
1360,0,0,307,1263,3
1361,0,0,393,924,3
1362,0,0,1170,188,3
1363,0,0,1254,550,3
1364,0,0,596,1808,3
1365,0,0,882,422,3
1366,0,0,926,2481,3
1367,0,0,562,2757,3
1368,0,0,318,1742,3
1369,0,0,566,2951,3
1370,0,0,556,576,3
1371,0,1,352,2712,3
1372,0,0,1062,125,3
1373,0,0,409,1136,3
1374,0,0,360,3001,3
1375,0,1,1278,775,3
1376,0,0,933,1523,3
1377,0,0,922,2037,3
1378,0,0,154,35,3
1379,0,0,554,1610,3
1380,1,1,816,2479,3
1381,0,0,1056,2465,3
1382,0,1,899,2858,3
1383,0,0,989,2833,3
1384,1,1,403,2731,3
1385,0,0,446,178,3
1386,0,0,1118,2306,3
1387,0,0,1316,2850,3
1388,0,0,142,2473,3
1389,0,0,175,1734,3
1390,0,1,802,2468,3
1391,0,1,824,2630,3
1392,0,0,404,1882,3
1393,0,1,754,2550,3
1394,0,0,1042,2860,3
1395,0,0,881,1615,3
1396,0,0,923,3027,3
1397,0,0,1166,382,3
1398,0,0,325,1629,3
1399,0,0,45,2021,3
1400,0,0,777,1031,3
1401,0,0,679,318,3
1402,1,0,481,2305,3
1403,0,0,228,47,3
1404,0,0,827,1775,3
1405,0,0,1071,2686,3
1406,0,0,990,2825,3
1407,0,0,27,1136,3
1408,0,0,1161,2306,3
1409,0,0,1057,1972,3
1410,0,0,141,1801,3
1411,0,0,199,1892,3
1412,0,0,572,2186,3
1413,1,1,99,1638,3
1414,0,0,493,947,3
1415,0,0,752,1546,3
1416,0,0,644,2563,3
1417,0,0,844,311,3
1418,0,0,261,67,3
1419,0,0,389,1309,3
1420,0,0,663,177,3
1421,0,0,202,1314,3
1422,0,0,724,2867,3
1423,0,0,641,2915,3
1424,0,0,120,1588,3
1425,0,0,1009,1368,3
1426,0,0,228,1649,3
1427,0,0,493,2343,3
1428,0,0,1271,2560,3
1429,0,0,789,1148,3
1430,0,0,1136,2371,3
1431,0,0,1332,1614,3
1432,1,0,1136,1158,3
1433,0,1,24,1408,3
1434,1,1,1073,2018,3
1435,0,0,528,2881,3
1436,0,0,1163,2347,3
1437,0,0,902,2060,3
1438,0,0,161,1165,3
1439,0,0,884,215,3
1440,0,0,766,1139,3
1441,0,0,525,1224,3
1442,0,0,519,3007,3
1443,0,0,889,1820,3
1444,0,0,1170,341,3
1445,0,0,185,1286,3
1446,0,0,567,2990,3
1447,0,0,1278,107,3
1448,0,0,1235,1304,3
1449,1,0,609,1477,3
1450,0,0,1229,2483,3
1451,0,0,840,1408,3
1452,0,0,933,287,3
1453,1,1,1289,693,3
1454,0,0,650,531,3
1455,0,0,356,2056,3
1456,0,0,375,1140,3
1457,1,1,1049,2002,3
1458,0,0,1049,182,3
1459,0,0,933,2317,3
1460,0,0,1057,1776,3
1461,0,0,27,395,3
1462,0,1,1162,896,3
1463,0,0,255,547,3
1464,0,0,725,998,3
1465,1,1,676,242,3
1466,0,0,424,92,3
1467,1,1,122,1679,3
1468,0,0,1161,1342,3
1469,0,0,426,2632,3
1470,0,0,1279,2806,3
1471,0,0,1234,503,3
1472,0,0,771,2432,3
1473,0,0,1084,493,3
1474,0,0,545,1590,3
1475,1,1,1211,555,3
1476,0,0,553,2895,3
1477,0,0,1104,977,3
1478,0,0,348,786,3
1479,1,1,1182,563,3
1480,0,0,825,1104,3
1481,0,0,1221,1359,3
1482,0,0,982,1614,3
1483,0,0,1239,1066,3
1484,0,0,546,1348,3
1485,0,0,478,1872,3
1486,0,0,1136,1139,3
1487,0,0,1272,1013,3
1488,0,0,728,2686,3
1489,0,0,729,75,3
1490,0,0,27,2298,3
1491,0,0,15,824,3
1492,1,0,795,2178,3
1493,0,0,916,1648,3
1494,0,0,791,2272,3
1495,0,0,962,823,3
1496,0,0,1104,2216,3
1497,0,0,1006,2123,3
1498,0,0,795,2243,3
1499,0,0,409,230,3
1500,0,0,1143,104,3
1501,0,0,709,1465,3
1502,0,0,716,2302,3
1503,0,0,595,2102,3
1504,0,0,642,1444,3
1505,0,0,1199,1465,3
1506,0,0,423,2466,3
1507,0,0,789,2554,3
1508,0,0,751,951,3
1509,0,0,729,2485,3
1510,0,0,672,2893,3
1511,0,0,1250,1967,3
1512,0,0,1003,810,3
1513,0,1,1294,738,3
1514,1,1,910,2447,3
1515,0,0,662,2209,3
1516,0,0,1006,2247,3
1517,1,0,1123,923,3
1518,0,0,1049,1977,3
1519,0,0,519,2984,3
1520,0,0,1071,2022,3
1521,0,0,1175,295,3
1522,0,0,1128,2181,3
1523,0,0,242,724,3
1524,0,1,348,1462,3
1525,0,0,1091,417,3
1526,0,0,97,2509,3
1527,0,0,81,768,3
1528,0,0,872,1817,3
1529,0,0,55,2685,3
1530,0,0,1084,977,3
1531,0,0,1023,2123,3
1532,0,0,751,379,3
1533,0,0,642,2416,3
1534,0,0,250,1877,3
1535,1,1,674,266,3
1536,0,0,162,2070,3
1537,0,0,748,898,3
1538,0,0,202,1607,3
1539,0,0,869,2392,3
1540,0,0,1310,1333,3
1541,0,0,809,124,3
1542,0,0,922,2252,3
1543,0,0,567,586,3
1544,0,0,724,836,3
1545,0,0,1319,825,3
1546,0,0,848,9,3
1547,0,0,1073,695,3
1548,0,0,771,1095,3
1549,0,0,608,1718,3
1550,0,0,417,633,3
1551,0,0,512,195,3
1552,0,0,353,2925,3
1553,0,0,993,2627,3
1554,1,1,564,787,3
1555,0,1,672,260,3
1556,0,0,447,494,3
1557,0,0,1036,2085,3
1558,0,0,840,1373,3
1559,0,0,346,305,3
1560,0,0,251,1783,3
1561,0,0,910,2758,3
1562,0,0,516,1396,3
1563,0,0,909,767,3
1564,0,0,699,624,3
1565,0,0,682,2762,3
1566,0,0,122,2275,3
1567,1,1,458,2404,3
1568,0,1,289,2542,3
1569,0,0,912,636,3
1570,0,0,24,2994,3
1571,1,0,56,2048,3
1572,1,1,250,2098,3
1573,0,0,242,1211,3
1574,0,0,928,1711,3
1575,0,0,837,1404,3
1576,0,0,1316,275,3
1577,0,0,516,2880,3
1578,0,1,1038,742,3
1579,0,0,531,1218,3
1580,0,0,1321,2949,3
1581,0,1,450,2415,3
1582,0,0,975,1545,3
1583,0,0,930,2674,3
1584,0,1,487,2658,3
1585,0,0,436,2878,3
1586,0,0,1234,543,3
1587,0,0,1175,2955,3
1588,0,0,217,1674,3
1589,0,0,300,1466,3
1590,1,1,755,395,3
1591,0,0,1241,1561,3
1592,0,0,809,1819,3
1593,0,0,600,2467,3
1594,0,0,909,752,3
1595,0,0,1001,2852,3
1596,0,0,1241,1566,3
1597,0,0,498,33,3
1598,0,0,1319,1447,3
1599,0,0,360,2974,3
1600,0,0,454,2268,3
1601,0,0,1016,143,3
1602,0,0,61,208,3
1603,0,0,349,2080,3
1604,0,0,192,2641,3
1605,1,1,666,254,3
1606,0,0,892,2109,3
1607,1,1,837,179,3
1608,0,0,725,345,3
1609,0,0,1071,184,3
1610,0,0,616,2819,3
1611,0,0,286,2718,3
1612,0,0,1182,251,3
1613,0,0,567,2388,3
1614,0,0,948,780,3
1615,0,0,797,1376,3
1616,1,0,1238,511,3
1617,0,0,725,369,3
1618,0,0,154,1752,3
1619,0,0,1014,764,3
1620,0,0,729,1633,3
1621,0,0,15,438,3
1622,0,0,444,1269,3
1623,0,0,1019,2069,3
1624,0,0,830,2144,3
1625,0,0,976,2283,3
1626,0,0,1294,740,3
1627,0,0,830,971,3
1628,0,0,631,1381,3
1629,0,0,926,2303,3
1630,0,0,947,797,3
1631,0,0,1028,2450,3
1632,0,0,106,52,3
1633,1,0,820,2671,3
1634,0,0,289,2497,3
1635,0,0,267,2662,3
1636,0,0,609,1113,3
1637,1,1,679,247,3
1638,0,0,600,1133,3
1639,1,1,88,1571,3
1640,0,0,307,1309,3
1641,0,0,145,2239,3
1642,0,1,572,2673,3
1643,0,0,545,134,3
1644,1,0,1250,431,3
1645,0,0,686,2643,3
1646,0,0,217,1655,3
1647,0,0,154,1751,3
1648,0,0,923,1741,3
1649,0,0,789,5,3
1650,0,0,426,2231,3
1651,0,0,848,2554,3
1652,0,0,423,2858,3
1653,1,1,1314,667,3
1654,0,0,797,1346,3
1655,0,0,1041,2215,3
1656,0,1,1091,193,3
1657,0,0,255,322,3
1658,0,0,681,2171,3
1659,0,0,686,1492,3
1660,0,1,648,230,3
1661,0,1,809,2526,3
1662,0,0,1330,440,3
1663,0,0,188,1037,3
1664,0,0,882,1442,3
1665,0,0,212,322,3
1666,0,0,1294,2931,3
1667,0,0,1211,2928,3
1668,1,1,864,200,3
1669,0,0,381,2744,3
1670,0,0,751,399,3
1671,0,1,1175,559,3
1672,0,0,1157,2140,3
1673,0,0,436,2019,3
1674,0,0,1228,1525,3
1675,0,0,797,2244,3
1676,1,1,1239,1044,3
1677,0,0,424,1831,3
1678,0,0,141,1895,3
1679,0,0,512,616,3
1680,0,0,141,1587,3
1681,1,1,711,448,3
1682,0,0,884,371,3
1683,0,0,202,1480,3
1684,0,0,827,2515,3
1685,0,0,1050,1573,3
1686,0,1,844,2344,3
1687,0,0,236,1132,3
1688,0,0,426,2707,3
1689,0,0,584,2095,3
1690,0,0,1041,162,3
1691,0,0,91,790,3
1692,0,0,844,2097,3
1693,0,0,792,743,3
1694,1,0,1099,1388,3
1695,0,0,202,1311,3
1696,0,1,531,1777,3
1697,0,0,302,2827,3
1698,1,1,602,1112,3
1699,0,0,24,865,3
1700,0,0,423,2430,3
1701,0,0,1023,2221,3
1702,0,0,348,787,3
1703,1,0,1050,2998,3
1704,1,0,124,1792,3
1705,0,0,1034,704,3
1706,0,0,899,1095,3
1707,0,0,346,2669,3
1708,0,0,106,35,3
1709,0,0,1238,622,3
1710,0,0,791,1553,3
1711,0,1,261,1694,3
1712,0,0,158,2015,3
1713,0,0,930,2117,3
1714,0,0,500,1154,3
1715,1,0,848,2412,3
1716,0,0,236,2678,3
1717,0,0,175,1521,3
1718,0,0,1239,1039,3
1719,0,0,217,1710,3
1720,1,0,1162,535,3
1721,0,0,608,1636,3
1722,0,0,1244,2509,3
1723,0,0,702,1061,3
1724,0,0,562,38,3
1725,1,1,383,2775,3
1726,0,0,1056,155,3
1727,1,0,185,1084,3
1728,0,0,1038,2212,3
1729,0,0,332,2192,3
1730,0,0,1114,2729,3
1731,0,0,1272,1012,3
1732,0,0,352,2497,3
1733,0,0,899,2430,3
1734,0,0,1317,698,3
1735,1,1,1043,2772,3
1736,0,0,106,1654,3
1737,0,0,114,2370,3
1738,0,0,1334,59,3
1739,0,0,1019,2221,3
1740,0,0,990,761,3
1741,1,1,42,2017,3
1742,0,0,493,2911,3
1743,0,0,1096,460,3
1744,0,0,1279,2962,3
1745,0,0,22,2702,3
1746,0,0,381,2923,3
1747,0,0,1057,2434,3
1748,0,0,811,1547,3
1749,0,0,1330,318,3
1750,0,0,431,2237,3
1751,0,0,848,1148,3
1752,0,0,493,1113,3
1753,1,0,356,2875,3
1754,0,0,1294,2456,3
1755,0,0,24,2907,3
1756,0,0,1024,2164,3
1757,0,0,805,694,3
1758,0,0,212,1521,3
1759,0,0,755,316,3
1760,0,0,1166,891,3
1761,0,1,1033,2270,3
1762,0,0,922,2411,3
1763,0,0,174,1549,3
1764,0,0,226,1498,3
1765,0,0,818,2063,3
1766,0,0,1001,2298,3
1767,0,0,1321,2342,3
1768,0,0,1175,2317,3
1769,0,0,503,1146,3
1770,0,0,226,1485,3
1771,0,0,1118,2100,3
1772,0,0,1023,2254,3
1773,0,0,1337,2515,3
1774,1,0,1073,1965,3
1775,0,0,417,2718,3
1776,0,0,882,2395,3
1777,0,0,199,1919,3
1778,0,0,258,1807,3
1779,0,0,1253,23,3
1780,0,0,301,2209,3
1781,0,0,926,31,3
1782,0,0,267,1652,3
1783,0,0,384,2792,3
1784,0,0,754,1807,3
1785,0,0,993,2270,3
1786,0,0,604,1018,3
1787,0,0,498,1146,3
1788,0,0,766,1643,3
1789,0,1,642,69,3
1790,0,0,766,2479,3
1791,0,0,1317,1516,3
1792,0,0,24,1089,3
1793,0,0,15,2189,3
1794,0,0,381,2922,3
1795,0,0,1064,867,3
1796,0,1,142,1764,3
1797,0,0,809,137,3
1798,0,0,1005,2204,3
1799,0,0,1221,1954,3
1800,0,0,122,20,3
1801,0,0,484,49,3
1802,0,1,566,2895,3
1803,0,0,1235,779,3
1804,1,0,681,279,3
1805,1,1,488,2332,3
1806,0,0,267,831,3
1807,1,1,245,144,3
1808,0,0,962,2844,3
1809,0,0,830,1480,3
1810,0,0,426,697,3
1811,0,0,1208,839,3
1812,0,0,162,395,3
1813,0,0,1348,3021,3
1814,0,1,595,1516,3
1815,0,0,260,1889,3
1816,0,0,1330,929,3
1817,0,0,66,255,3
1818,1,1,165,1468,3
1819,0,0,642,2954,3
1820,0,0,1064,1309,3
1821,1,1,444,2099,3
1822,0,0,356,1338,3
1823,0,0,933,1561,3
1824,0,0,1125,1181,3
1825,0,1,1064,2889,3
1826,1,1,958,2078,3
1827,0,1,762,2121,3
1828,0,1,1330,644,3
1829,0,0,360,71,3
1830,0,0,258,769,3
1831,0,0,424,313,3
1832,0,0,99,635,3
1833,0,0,940,457,3
1834,0,0,1330,236,3
1835,0,1,212,135,3
1836,0,0,585,1511,3
1837,0,0,947,2067,3
1838,0,1,353,2933,3
1839,0,1,1051,2000,3
1840,0,0,1163,1793,3
1841,0,0,298,2862,3
1842,0,0,534,1018,3
1843,0,0,255,135,3
1844,0,0,1143,1359,3
1845,0,0,792,1650,3
1846,0,0,768,589,3
1847,0,0,358,1975,3
1848,0,1,777,2461,3
1849,0,0,646,1979,3
1850,0,0,1024,680,3
1851,0,0,948,1045,3
1852,0,0,1019,2243,3
1853,0,0,1091,254,3
1854,0,0,679,352,3
1855,0,0,642,3024,3
1856,0,0,864,2969,3
1857,0,0,599,1139,3
1858,0,0,180,2824,3
1859,0,0,228,36,3
1860,0,0,512,823,3
1861,0,0,1243,1060,3
1862,0,0,1321,2381,3
1863,0,0,268,2980,3
1864,0,0,1089,1233,3
1865,0,0,1211,1375,3
1866,0,0,498,984,3
1867,0,0,474,1460,3
1868,0,0,142,2255,3
1869,0,0,1211,1817,3
1870,0,0,534,2226,3
1871,0,0,443,558,3
1872,1,1,1024,756,3
1873,0,0,415,222,3
1874,0,0,703,2503,3
1875,0,0,942,329,3
1876,0,0,289,9,3
1877,0,0,204,744,3
1878,0,0,242,1583,3
1879,0,0,327,2640,3
1880,0,0,855,2728,3
1881,0,0,947,2214,3
1882,0,0,485,503,3
1883,1,0,504,1457,3
1884,0,0,672,104,3
1885,0,1,124,2036,3
1886,0,0,604,2905,3
1887,0,0,226,2139,3
1888,0,0,792,1935,3
1889,0,0,1162,964,3
1890,0,0,293,321,3
1891,1,0,1041,754,3
1892,0,0,1024,1492,3
1893,0,1,226,88,3
1894,0,1,1145,2069,3
1895,0,0,73,1518,3
1896,0,0,353,2922,3
1897,0,0,688,2630,3
1898,0,0,947,2075,3
1899,0,0,41,2139,3
1900,0,0,584,356,3
1901,0,0,446,2029,3
1902,0,0,446,2821,3
1903,0,0,503,1760,3
1904,0,0,45,3002,3
1905,1,1,1005,162,3
1906,0,0,212,1734,3
1907,0,1,238,723,3
1908,0,0,1267,3029,3
1909,0,0,951,1792,3
1910,0,0,286,170,3
1911,0,0,1253,446,3
1912,0,0,1125,972,3
1913,0,1,559,1820,3
1914,0,0,300,2890,3
1915,0,0,1235,1288,3
1916,0,0,609,2903,3
1917,0,0,1221,674,3
1918,1,1,1160,1872,3
1919,0,0,1056,2438,3
1920,0,0,27,2145,3
1921,1,1,41,1992,3
1922,0,0,830,741,3
1923,1,0,485,318,3
1924,0,0,525,764,3
1925,0,0,697,2556,3
1926,1,1,881,2456,3
1927,1,0,349,754,3
1928,1,1,830,459,3
1929,0,0,138,720,3
1930,0,0,444,555,3
1931,0,0,748,327,3
1932,0,0,646,532,3
1933,0,0,443,1958,3
1934,0,0,1071,2006,3
1935,1,1,1003,804,3
1936,0,1,1163,1667,3
1937,0,0,758,2513,3
1938,1,1,154,1851,3
1939,0,0,717,1860,3
1940,1,0,45,2813,3
1941,0,0,546,1174,3
1942,0,0,287,2175,3
1943,0,0,188,2801,3
1944,0,0,797,2413,3
1945,0,0,528,0,3
1946,0,1,1241,531,3
1947,0,0,1271,2203,3
1948,0,0,711,974,3
1949,0,0,1302,1767,3
1950,0,0,1279,2901,3
1951,0,0,688,2644,3
1952,0,0,165,1928,3
1953,1,1,175,1452,3
1954,0,0,1039,2448,3
1955,1,1,161,1458,3
1956,0,0,88,1189,3
1957,0,0,1334,1041,3
1958,0,0,332,2193,3
1959,1,1,162,1459,3
1960,1,1,281,2816,3
1961,0,1,493,1602,3
1962,0,0,602,3013,3
1963,0,0,1033,1007,3
1964,0,0,855,2180,3
1965,0,0,125,860,3
1966,0,0,982,2659,3
1967,0,0,1231,2483,3
1968,0,1,97,1596,3
1969,0,0,300,1375,3
1970,0,0,1231,2216,3
1971,0,0,958,2681,3
1972,0,0,1310,2758,3
1973,0,0,116,2863,3
1974,0,0,15,344,3
1975,1,1,1269,475,3
1976,0,0,1055,2045,3
1977,0,0,1316,1141,3
1978,0,0,852,513,3
1979,1,1,662,2511,3
1980,0,0,928,2150,3
1981,0,0,188,2935,3
1982,0,0,884,2397,3
1983,0,0,546,5,3
1984,0,0,22,1523,3
1985,0,0,676,2634,3
1986,0,0,928,134,3
1987,0,0,46,687,3
1988,0,0,892,883,3
1989,0,0,762,2101,3
1990,0,0,646,2010,3
1991,0,0,882,2841,3
1992,1,1,478,2360,3
1993,0,0,484,1488,3
1994,0,0,46,2827,3
1995,0,0,1049,2165,3
1996,0,0,175,1727,3
1997,0,0,289,831,3
1998,0,0,818,2075,3
1999,0,0,1024,2641,3
2000,0,0,724,1442,3
2001,0,0,91,2678,3
2002,0,0,436,1308,3
2003,1,1,724,2236,3
2004,1,1,1337,600,3
2005,0,0,554,1813,3
2006,0,0,180,380,3
2007,0,0,349,3002,3
2008,0,0,1302,1020,3
2009,0,0,202,971,3
2010,0,0,1291,1116,3
2011,0,0,648,156,3
2012,0,0,1231,2633,3
2013,0,1,185,1511,3
2014,0,0,303,1817,3
2015,0,0,91,1971,3
2016,0,0,802,2430,3
2017,0,0,1086,1618,3
2018,0,0,324,2013,3
2019,0,0,1170,946,3
2020,0,0,604,1085,3
2021,1,1,748,336,3
2022,0,0,242,1055,3
2023,0,0,174,44,3
2024,0,1,217,121,3
2025,0,0,122,95,3
2026,0,0,1005,2812,3
2027,0,0,226,295,3
2028,0,0,416,1990,3
2029,1,1,393,2744,3
2030,1,1,106,1931,3
2031,0,0,766,2239,3
2032,0,0,1211,2099,3
2033,0,0,1174,1153,3
2034,0,0,180,735,3
2035,0,0,1170,1771,3
2036,0,0,818,1376,3
2037,0,0,1229,2493,3
2038,0,0,409,1091,3
2039,0,0,1221,3029,3
2040,0,0,352,1116,3
2041,0,0,688,2637,3
2042,0,0,1073,2165,3
2043,0,0,1321,1855,3
2044,0,0,1053,2050,3
2045,0,1,984,2370,3
2046,0,0,488,699,3
2047,0,0,676,2260,3
2048,0,0,1114,492,3
2049,0,0,1302,2707,3
2050,0,0,255,1137,3
2051,0,0,676,2206,3
2052,0,1,1035,747,3
2053,0,0,1036,1224,3
2054,0,0,899,2856,3
2055,0,0,415,2789,3
2056,0,0,1064,280,3
2057,0,0,487,124,3
2058,0,0,324,1482,3
2059,0,0,106,1674,3
2060,0,0,609,2785,3
2061,0,0,1104,455,3
2062,1,1,976,810,3
2063,0,1,1235,1115,3
2064,0,0,1229,2557,3
2065,0,0,889,2415,3
2066,0,0,884,2415,3
2067,0,0,1330,954,3
2068,0,0,1157,2147,3
2069,1,1,1272,2958,3
2070,0,0,631,127,3
2071,0,0,301,2276,3
2072,0,0,1175,2213,3
2073,1,1,1128,2134,3
2074,0,0,1033,2378,3
2075,0,0,1175,840,3
2076,0,0,268,3025,3
2077,0,0,327,144,3
2078,1,1,417,2725,3
2079,0,0,1145,571,3
2080,0,0,728,599,3
2081,0,0,15,1479,3
2082,0,0,728,686,3
2083,0,0,352,9,3
2084,0,1,332,761,3
2085,0,0,503,2848,3
2086,0,0,1264,2217,3
2087,0,0,488,517,3
2088,0,0,99,647,3
2089,0,0,820,2173,3
2090,1,0,1049,1965,3
2091,0,0,791,2466,3
2092,0,0,415,2830,3
2093,0,0,642,1166,3
2094,0,0,702,2637,3
2095,0,0,389,737,3
2096,0,1,1125,924,3
2097,1,1,242,715,3
2098,0,0,1166,702,3
2099,0,0,255,770,3
2100,0,0,982,2395,3
2101,0,0,409,151,3
2102,0,0,1123,1269,3
2103,0,0,596,1636,3
2104,1,1,625,2973,3
2105,0,1,1288,684,3
2106,0,0,646,460,3
2107,1,1,409,2713,3
2108,0,0,1269,2423,3
2109,0,0,199,129,3
2110,0,0,4,787,3
2111,0,0,1170,915,3
2112,0,0,1153,2075,3
2113,0,0,199,2242,3
2114,0,0,503,2670,3
2115,0,0,125,1655,3
2116,0,0,1289,1061,3
2117,0,0,1217,2299,3
2118,0,0,1271,104,3
2119,0,0,1278,1030,3
2120,0,0,202,2187,3
2121,0,0,409,2173,3
2122,0,0,1024,2274,3
2123,0,0,165,1944,3
2124,0,0,156,2143,3
2125,0,0,447,597,3
2126,0,1,600,2209,3
2127,0,0,66,862,3
2128,0,0,1153,782,3
2129,0,0,1321,2532,3
2130,0,0,972,2236,3
2131,1,1,528,913,3
2132,0,0,349,2009,3
2133,0,0,999,2981,3
2134,0,0,686,161,3
2135,0,0,1272,547,3
2136,0,0,546,2486,3
2137,0,0,958,2436,3
2138,0,0,1006,2069,3
2139,0,0,488,216,3
2140,0,0,1056,1447,3
2141,0,0,892,245,3
2142,0,0,789,2412,3
2143,0,0,474,1573,3
2144,0,0,989,1416,3
2145,0,0,912,269,3
2146,0,0,142,723,3
2147,0,0,251,2182,3
2148,0,1,768,373,3
2149,0,0,1123,2099,3
2150,0,0,703,2290,3
2151,0,0,217,2263,3
2152,1,0,55,2705,3
2153,0,0,813,2006,3
2154,0,1,944,841,3
2155,0,0,484,128,3
2156,0,0,830,1607,3
2157,0,0,301,2434,3
2158,0,0,409,2232,3
2159,1,1,431,2173,3
2160,0,0,999,1160,3
2161,1,1,818,2620,3
2162,0,0,1086,764,3
2163,0,0,436,1118,3
2164,0,0,332,1391,3
2165,0,0,674,2883,3
2166,0,0,948,198,3
2167,0,0,986,2567,3
2168,0,0,393,2933,3
2169,0,0,512,2011,3
2170,0,0,1086,1454,3
2171,0,0,1768,2595,7
2172,0,0,6174,2793,7
2173,1,1,867,518,7
2174,0,0,777,1887,7
2175,0,0,5029,2004,7
2176,0,0,1812,1490,7
2177,0,0,5286,69,7
2178,0,0,2871,1846,7
2179,1,1,3888,1162,7
2180,0,0,4364,1986,7
2181,0,0,117,3992,7
2182,0,0,1135,279,7
2183,0,0,5414,3175,7
2184,0,0,129,530,7
2185,1,1,1121,4385,7
2186,0,0,5422,4428,7
2187,0,0,3526,4078,7
2188,0,0,1390,4399,7
2189,0,0,1121,5235,7
2190,0,0,1569,3865,7
2191,0,0,7447,5593,7
2192,1,1,3007,4958,7
2193,0,0,3737,5590,7
2194,0,0,1556,1218,7
2195,0,0,4850,1987,7
2196,0,0,1921,1037,7
2197,0,0,1078,2528,7
2198,0,0,7408,3342,7
2199,0,0,253,5485,7
2200,0,0,2336,5525,7
2201,0,0,6142,3229,7
2202,0,0,7456,1780,7
2203,0,0,306,4946,7
2204,0,0,3050,3307,7
2205,0,0,2199,2790,7
2206,0,0,306,5310,7
2207,0,0,5985,464,7
2208,0,0,5072,3255,7
2209,0,0,3532,565,7
2210,0,0,3394,4457,7
2211,0,0,1530,373,7
2212,0,0,2218,1943,7
2213,0,0,5229,3562,7
2214,0,0,6552,1952,7
2215,1,1,587,3556,7
2216,0,0,5548,4459,7
2217,0,0,6174,4166,7
2218,0,0,6385,5755,7
2219,1,1,6360,5033,7
2220,0,0,7159,1784,7
2221,0,0,6286,5791,7
2222,0,0,3531,5033,7
2223,0,0,4324,4921,7
2224,0,0,4024,943,7
2225,0,0,3997,4938,7
2226,0,0,5579,2877,7
2227,0,0,1957,576,7
2228,0,0,4884,3150,7
2229,0,0,3613,3049,7
2230,0,0,2511,3032,7
2231,0,0,7111,4818,7
2232,0,0,332,2360,7
2233,0,0,332,1632,7
2234,0,0,3760,6015,7
2235,0,0,7263,440,7
2236,1,0,3893,1636,7
2237,0,0,1968,5407,7
2238,0,0,7564,4484,7
2239,1,1,5029,4715,7
2240,0,0,2218,4376,7
2241,0,0,321,2281,7
2242,0,0,5693,5985,7
2243,0,0,5117,774,7
2244,0,1,1153,2476,7
2245,0,0,1055,3674,7
2246,0,0,3050,4891,7
2247,0,0,321,5812,7
2248,0,0,1530,3319,7
2249,0,0,6535,1397,7
2250,0,0,5206,3134,7
2251,1,1,1966,6050,7
2252,1,1,4929,1777,7
2253,0,0,7263,3821,7
2254,0,0,1090,3754,7
2255,0,0,861,3798,7
2256,0,0,4850,4519,7
2257,0,0,4797,4226,7
2258,0,0,449,3803,7
2259,0,0,4911,2452,7
2260,0,0,5558,3818,7
2261,0,0,4164,3813,7
2262,0,0,717,3257,7
2263,0,0,5948,1153,7
2264,0,0,2193,4495,7
2265,0,0,5206,5452,7
2266,0,0,5558,4255,7
2267,0,0,2010,3365,7
2268,0,0,2490,4799,7
2269,0,0,1306,5751,7
2270,1,1,3129,1578,7
2271,0,0,1513,3350,7
2272,1,1,6716,4853,7
2273,0,0,625,3272,7
2274,0,0,7049,4156,7
2275,0,0,2306,5240,7
2276,0,0,5091,1276,7
2277,0,0,1369,2193,7
2278,0,0,1849,5641,7
2279,0,0,3178,3641,7
2280,1,0,4372,5304,7
2281,1,1,6799,4192,7
2282,0,0,1633,3842,7
2283,0,0,5029,2025,7
2284,0,0,3888,104,7
2285,1,1,3758,1048,7
2286,0,0,1898,4815,7
2287,0,0,6033,5373,7
2288,0,0,1055,1216,7
2289,1,1,7307,5962,7
2290,0,0,488,3721,7
2291,0,0,1610,4146,7
2292,0,0,5428,2691,7
2293,0,0,1090,2673,7
2294,0,0,1957,5250,7
2295,0,0,1968,5054,7
2296,0,0,1756,4532,7
2297,1,1,2002,224,7
2298,0,0,4420,2742,7
2299,0,0,7143,1598,7
2300,0,0,1583,5570,7
2301,0,0,117,2476,7
2302,0,0,4364,6031,7
2303,0,0,7469,4650,7
2304,0,0,2950,4108,7
2305,0,0,3737,79,7
2306,0,0,930,3245,7
2307,0,0,5985,1846,7
2308,1,1,7512,5176,7
2309,0,0,5365,5465,7
2310,0,0,7015,1434,7
2311,0,0,5186,2507,7
2312,0,0,5029,3822,7
2313,0,0,1121,3179,7
2314,0,0,6174,1687,7
2315,0,0,1633,6016,7
2316,0,0,4916,3257,7
2317,0,0,4181,4346,7
2318,0,0,6360,4400,7
2319,0,0,2205,5320,7
2320,1,1,332,3616,7
2321,0,0,1705,4128,7
2322,0,0,6840,4827,7
2323,1,0,3807,2411,7
2324,0,0,6457,1524,7
2325,0,0,3078,160,7
2326,1,1,475,1231,7
2327,1,1,2517,3392,7
2328,0,0,3737,1121,7
2329,0,0,4496,202,7
2330,0,0,4420,2280,7
2331,0,0,2692,258,7
2332,0,0,3308,1013,7
2333,0,0,7261,78,7
2334,1,1,321,774,7
2335,0,0,475,629,7
2336,0,0,5428,2840,7
2337,0,0,3007,2670,7
2338,0,0,6178,5932,7
2339,0,0,103,5019,7
2340,1,1,5422,255,7
2341,0,0,5271,1965,7
2342,0,0,1935,2081,7
2343,0,0,3282,1006,7
2344,1,1,5083,555,7
2345,0,0,2583,2405,7
2346,0,0,2490,3868,7
2347,0,0,1849,3371,7
2348,0,0,7632,788,7
2349,0,0,3917,734,7
2350,0,0,7447,5108,7
2351,0,0,1400,3493,7
2352,1,1,5577,4747,7
2353,0,0,5577,4498,7
2354,0,0,6360,236,7
2355,0,0,5083,2483,7
2356,0,0,6178,102,7
2357,0,0,1697,3477,7
2358,0,0,6840,3907,7
2359,0,0,5365,2605,7
2360,0,0,7564,4428,7
2361,0,0,7339,2606,7
2362,0,0,5072,5054,7
2363,0,0,1968,4132,7
2364,0,0,2027,1960,7
2365,0,0,2495,4428,7
2366,0,0,4797,4632,7
2367,0,0,1195,3929,7
2368,0,0,6040,5827,7
2369,0,1,3488,4666,7
2370,0,0,5414,4650,7
2371,0,0,6360,1374,7
2372,1,1,7015,1651,7
2373,0,0,3997,2670,7
2374,0,0,2686,3888,7
2375,0,0,6174,2539,7
2376,1,1,3923,3453,7
2377,0,1,5498,1727,7
2378,0,0,2798,939,7
2379,0,1,3083,3555,7
2380,0,0,1583,1593,7
2381,0,0,253,320,7
2382,0,0,690,4739,7
2383,0,0,2266,5284,7
2384,0,0,3752,3172,7
2385,0,0,1280,5646,7
2386,0,0,5536,2884,7
2387,0,0,248,2449,7
2388,0,0,3526,5555,7
2389,0,0,6178,347,7
2390,0,0,8,304,7
2391,0,0,2692,1867,7
2392,0,0,879,13,7
2393,0,0,5548,1952,7
2394,1,1,528,5859,7
2395,0,0,5127,386,7
2396,0,0,2641,2280,7
2397,0,0,2689,3142,7
2398,0,0,6178,421,7
2399,0,0,2511,3548,7
2400,0,0,4320,122,7
2401,0,0,5687,2424,7
2402,0,0,7564,3579,7
2403,0,0,1305,5344,7
2404,1,1,2601,4116,7
2405,0,0,2689,4333,7
2406,0,0,2641,5498,7
2407,0,0,6576,6018,7
2408,0,0,587,4261,7
2409,0,0,2511,4935,7
2410,0,0,4807,4120,7
2411,0,0,253,1057,7
2412,0,0,3222,1891,7
2413,0,0,3321,122,7
2414,0,0,958,4663,7
2415,1,1,4801,3430,7
2416,0,0,7424,3468,7
2417,0,0,2028,3295,7
2418,0,0,1935,2947,7
2419,0,0,5687,2926,7
2420,0,0,711,590,7
2421,1,1,5365,3333,7
2422,0,0,2290,2922,7
2423,0,0,3220,273,7
2424,0,0,2199,2476,7
2425,0,0,6966,1733,7
2426,1,0,861,5289,7
2427,0,0,7640,5027,7
2428,0,0,6754,4101,7
2429,0,0,4684,1824,7
2430,0,0,3760,3020,7
2431,0,0,306,1627,7
2432,0,0,453,4506,7
2433,0,0,5414,1675,7
2434,0,0,7564,1780,7
2435,0,0,6764,835,7
2436,0,0,752,3260,7
2437,0,0,916,1633,7
2438,0,0,5390,5166,7
2439,0,0,7157,5634,7
2440,1,0,3532,1711,7
2441,0,0,7447,4151,7
2442,0,0,129,4153,7
2443,0,0,6360,1448,7
2444,0,0,2730,2381,7
2445,0,0,4073,2987,7
2446,0,0,7447,3705,7
2447,0,0,4884,5641,7
2448,0,0,1369,3432,7
2449,0,0,3577,2551,7
2450,0,0,5414,882,7
2451,0,0,3056,4347,7
2452,0,0,5127,5755,7
2453,0,0,1078,3712,7
2454,0,0,7069,2850,7
2455,0,0,2743,91,7
2456,0,0,5579,4911,7
2457,0,0,1280,3249,7
2458,0,0,1812,5174,7
2459,0,0,7069,2183,7
2460,1,1,2048,4574,7
2461,0,0,7469,4362,7
2462,0,0,5050,5646,7
2463,0,0,5579,3537,7
2464,0,0,3007,588,7
2465,0,0,6998,5339,7
2466,0,0,4341,928,7
2467,0,0,1183,1806,7
2468,0,0,2641,1652,7
2469,0,0,2715,4741,7
2470,1,1,2798,478,7
2471,0,0,7020,4328,7
2472,0,0,4162,4027,7
2473,0,0,6142,2330,7
2474,0,0,3512,1057,7
2475,0,0,3007,1546,7
2476,0,0,2338,4519,7
2477,0,0,1390,1448,7
2478,0,0,2205,4153,7
2479,1,1,1898,4548,7
2480,0,0,5766,3964,7
2481,1,1,103,1111,7
2482,0,0,7469,285,7
2483,0,0,1513,5539,7
2484,0,0,5044,4153,7
2485,0,0,253,838,7
2486,0,0,3507,5621,7
2487,0,0,5498,5183,7
2488,0,0,5992,1004,7
2489,0,0,4451,1844,7
2490,0,0,1369,789,7
2491,1,1,4496,2077,7
2492,0,0,5029,5362,7
2493,0,0,1173,2215,7
2494,0,0,4128,2750,7
2495,1,1,2028,5036,7
2496,0,0,5869,4236,7
2497,0,0,3631,3711,7
2498,0,0,6385,2682,7
2499,0,0,236,475,7
2500,0,0,2511,4768,7
2501,0,0,1705,1025,7
2502,0,0,5428,3957,7
2503,0,0,737,1853,7
2504,0,0,4842,4896,7
2505,0,0,2743,4713,7
2506,0,0,2641,366,7
2507,0,0,6210,1738,7
2508,0,0,2336,4645,7
2509,0,0,6754,4432,7
2510,0,0,7308,1512,7
2511,0,0,5948,472,7
2512,0,0,2028,3452,7
2513,0,0,2306,4921,7
2514,0,0,8,5771,7
2515,0,0,6934,4184,7
2516,0,0,711,3178,7
2517,0,0,7408,1991,7
2518,0,0,2577,2108,7
2519,0,0,5333,3716,7
2520,0,0,1849,3867,7
2521,0,0,453,133,7
2522,0,0,2871,5229,7
2523,0,0,2798,2703,7
2524,0,0,7339,2530,7
2525,0,0,3050,4896,7
2526,0,0,6535,3562,7
2527,0,0,958,2375,7
2528,0,0,777,4276,7
2529,1,1,5985,1880,7
2530,1,1,1935,2712,7
2531,1,1,2747,4096,7
2532,0,0,4850,4091,7
2533,0,0,1617,3314,7
2534,0,0,2033,4081,7
2535,0,0,1400,5122,7
2536,0,0,3613,5231,7
2537,0,0,6840,2508,7
2538,0,0,916,5545,7
2539,0,0,2747,94,7
2540,0,0,2218,391,7
2541,1,1,685,1557,7
2542,0,0,5029,1069,7
2543,0,0,5985,404,7
2544,0,0,6174,5195,7
2545,0,0,6840,1331,7
2546,0,0,3073,2194,7
2547,0,0,3888,2896,7
2548,0,0,2798,4441,7
2549,0,0,3056,1456,7
2550,0,0,5333,5841,7
2551,0,0,7560,4100,7
2552,0,0,5084,3699,7
2553,0,0,6416,3814,7
2554,0,0,3532,5477,7
2555,1,1,2743,175,7
2556,0,0,5850,4787,7
2557,0,0,711,1597,7
2558,1,1,7020,94,7
2559,0,0,7408,4353,7
2560,0,0,7580,2292,7
2561,0,0,6931,1164,7
2562,0,0,6722,3026,7
2563,0,0,1135,289,7
2564,0,0,3321,5124,7
2565,0,0,3087,4433,7
2566,0,0,3760,845,7
2567,0,0,3087,2005,7
2568,1,1,4842,2603,7
2569,0,0,1306,3437,7
2570,1,0,1195,2717,7
2571,0,0,3154,3165,7
2572,0,0,919,955,7
2573,0,0,5390,1505,7
2574,0,0,2511,2641,7
2575,0,0,6893,663,7
2576,0,0,2165,2924,7
2577,0,0,6966,2982,7
2578,0,0,625,3232,7
2579,0,0,3234,4589,7
2580,1,1,5828,5419,7
2581,0,0,3174,2476,7
2582,0,0,1921,4075,7
2583,0,0,930,2530,7
2584,0,0,1617,4463,7
2585,1,0,277,1593,7
2586,0,0,1757,4177,7
2587,0,0,1305,4940,7
2588,0,0,2495,2922,7
2589,0,0,321,5470,7
2590,0,0,2789,3359,7
2591,0,0,3752,2214,7
2592,0,0,6510,5516,7
2593,0,0,2205,1715,7
2594,0,0,129,4148,7
2595,0,0,332,4681,7
2596,0,0,984,732,7
2597,0,0,6840,510,7
2598,0,0,919,5837,7
2599,0,0,2789,3679,7
2600,0,0,4832,4416,7
2601,0,0,7632,4489,7
2602,1,0,3083,3613,7
2603,0,0,327,2984,7
2604,1,0,5485,1660,7
2605,1,1,1102,4496,7
2606,0,0,5945,4212,7
2607,0,0,2099,1277,7
2608,0,0,528,5664,7
2609,0,0,1812,5378,7
2610,0,0,1935,1529,7
2611,0,0,1665,423,7
2612,0,0,3234,2490,7
2613,1,1,6126,3379,7
2614,0,0,958,3548,7
2615,0,0,7447,1776,7
2616,0,0,2033,1474,7
2617,1,1,5970,2162,7
2618,0,0,4537,2740,7
2619,0,0,5485,1624,7
2620,0,0,3319,2365,7
2621,0,0,4299,3597,7
2622,0,0,3532,5736,7
2623,0,0,1812,3853,7
2624,0,0,4237,1960,7
2625,1,1,2136,5063,7
2626,0,0,1102,2339,7
2627,0,0,4684,4727,7
2628,0,0,3860,4877,7
2629,1,1,1199,5004,7
2630,0,0,6126,6055,7
2631,0,0,3515,5652,7
2632,0,0,121,3332,7
2633,0,0,5515,4552,7
2634,0,0,6586,2141,7
2635,1,1,7560,1803,7
2636,0,0,5687,2631,7
2637,0,0,656,2658,7
2638,1,1,6893,1129,7
2639,0,0,7056,1703,7
2640,0,0,3220,1556,7
2641,0,0,1697,537,7
2642,0,0,560,2073,7
2643,0,0,2583,4105,7
2644,0,0,6255,4585,7
2645,0,0,7049,5919,7
2646,0,0,2028,2774,7
2647,0,0,4766,1997,7
2648,0,0,7580,2343,7
2649,0,0,690,3030,7
2650,0,0,6343,5717,7
2651,1,1,2577,50,7
2652,0,0,6457,3138,7
2653,1,1,6465,1264,7
2654,0,0,7469,1425,7
2655,0,0,7261,4772,7
2656,0,0,4024,4827,7
2657,0,0,6667,3077,7
2658,1,1,1757,4433,7
2659,0,0,6416,5887,7
2660,0,0,4364,5818,7
2661,0,0,3056,5151,7
2662,0,0,7015,5762,7
2663,0,0,137,1104,7
2664,0,0,5206,2093,7
2665,0,0,2200,1816,7
2666,0,0,5450,4929,7
2667,0,0,6255,5847,7
2668,0,0,2517,982,7
2669,0,0,3186,2666,7
2670,0,0,4539,5956,7
2671,0,0,3178,4150,7
2672,0,0,7573,124,7
2673,0,0,2789,217,7
2674,0,0,4801,258,7
2675,0,0,3488,382,7
2676,0,0,1705,568,7
2677,0,0,6600,1960,7
2678,0,0,916,2448,7
2679,0,0,1043,5077,7
2680,0,0,5390,2254,7
2681,0,0,5450,4296,7
2682,0,0,5970,2673,7
2683,0,0,3078,1205,7
2684,0,0,6210,1786,7
2685,0,0,2165,1218,7
2686,0,0,3216,6003,7
2687,0,0,4024,4982,7
2688,0,0,5206,1899,7
2689,0,0,453,1377,7
2690,0,0,7049,4151,7
2691,0,0,1921,1849,7
2692,0,0,4279,1163,7
2693,0,0,7167,4210,7
2694,0,0,1078,5841,7
2695,0,0,277,5210,7
2696,0,1,6552,224,7
2697,0,0,1135,431,7
2698,0,0,4279,5110,7
2699,0,0,4364,3207,7
2700,0,0,7049,2543,7
2701,0,0,5945,175,7
2702,0,0,5609,2635,7
2703,0,0,1195,4741,7
2704,0,0,5333,6001,7
2705,1,1,919,3831,7
2706,0,0,2362,5623,7
2707,1,1,1756,3446,7
2708,0,0,3577,5798,7
2709,0,0,5918,5531,7
2710,0,0,7261,2042,7
2711,0,0,6200,131,7
2712,0,0,1390,2606,7
2713,0,0,7111,4428,7
2714,0,0,6033,4465,7
2715,0,0,5365,3813,7
2716,0,0,5083,5151,7
2717,0,0,5579,4891,7
2718,0,0,2050,3997,7
2719,0,0,3154,1584,7
2720,0,0,7020,4276,7
2721,0,0,3515,5110,7
2722,1,1,4822,3859,7
2723,1,1,6586,4625,7
2724,0,0,4832,4082,7
2725,0,0,2495,4134,7
2726,0,0,5450,2749,7
2727,0,0,1633,1262,7
2728,1,1,2490,763,7
2729,0,0,2217,3832,7
2730,0,0,3007,5507,7
2731,0,0,6094,5511,7
2732,0,0,1043,2639,7
2733,0,0,2193,100,7
2734,1,1,5127,2265,7
2735,0,0,6094,803,7
2736,0,0,7469,2724,7
2737,0,0,1885,5683,7
2738,0,0,248,4127,7
2739,0,0,4364,4403,7
2740,0,0,5330,2712,7
2741,0,0,3804,1777,7
2742,0,0,1768,5887,7
2743,0,0,1556,2750,7
2744,0,0,96,402,7
2745,0,0,6416,3765,7
2746,0,0,3007,3144,7
2747,0,0,5464,2004,7
2748,0,0,2692,3260,7
2749,0,0,5084,4922,7
2750,0,0,6255,344,7
2751,0,0,879,64,7
2752,0,0,7015,3756,7
2753,1,1,6200,3332,7
2754,0,0,215,5834,7
2755,0,0,2028,1878,7
2756,0,0,724,4315,7
2757,1,1,6764,5777,7
2758,1,0,1102,2346,7
2759,1,1,6142,1952,7
2760,0,0,65,5312,7
2761,0,0,453,4089,7
2762,1,1,5548,4194,7
2763,0,0,4807,1729,7
2764,0,0,4181,1569,7
2765,0,0,4608,4205,7
2766,0,0,3319,4484,7
2767,1,1,7069,3962,7
2768,0,0,1090,5841,7
2769,0,0,6094,637,7
2770,0,0,861,700,7
2771,0,0,2965,101,7
2772,0,0,7167,4901,7
2773,0,0,7069,2611,7
2774,0,0,690,83,7
2775,0,0,3507,1319,7
2776,0,0,3526,5296,7
2777,0,0,5271,5320,7
2778,0,0,1556,1166,7
2779,0,0,5558,1725,7
2780,0,0,327,1020,7
2781,1,1,2860,4774,7
2782,0,0,6998,2514,7
2783,0,0,2217,130,7
2784,0,0,1697,5218,7
2785,0,0,777,3831,7
2786,0,0,4164,3026,7
2787,0,0,4884,1261,7
2788,0,0,2048,1797,7
2789,0,0,65,2633,7
2790,0,0,1966,3950,7
2791,0,0,5992,2150,7
2792,0,0,6510,1061,7
2793,0,0,4320,3197,7
2794,0,0,3050,5195,7
2795,0,0,2747,5025,7
2796,0,0,6416,2257,7
2797,0,0,3760,3175,7
2798,0,0,2798,3446,7
2799,0,0,2871,3076,7
2800,0,0,1305,4989,7
2801,1,1,4320,2530,7
2802,0,0,752,825,7
2803,0,0,5084,3751,7
2804,0,0,1795,265,7
2805,0,0,2950,4993,7
2806,0,0,6600,5837,7
2807,1,1,3394,4132,7
2808,0,0,5963,3086,7
2809,0,0,1768,3492,7
2810,0,0,4386,1402,7
2811,0,0,3807,882,7
2812,0,0,5970,4786,7
2813,1,1,7580,3245,7
2814,0,0,3216,795,7
2815,0,0,2217,4714,7
2816,1,1,4716,4326,7
2817,0,0,6552,307,7
2818,0,0,5091,3194,7
2819,0,0,6385,804,7
2820,1,1,1768,4938,7
2821,0,0,1305,3986,7
2822,0,0,5515,1216,7
2823,0,0,5428,5014,7
2824,1,1,4364,1548,7
2825,0,0,6547,475,7
2826,1,1,6438,1399,7
2827,1,1,5485,445,7
2828,0,0,4386,2610,7
2829,0,0,7469,56,7
2830,0,0,5333,2164,7
2831,0,0,327,1936,7
2832,0,0,5558,5000,7
2833,1,0,277,391,7
2834,0,0,4842,2375,7
2835,0,0,4716,3100,7
2836,0,0,1556,79,7
2837,1,1,3526,2258,7
2838,0,0,2336,344,7
2839,0,0,1849,4959,7
2840,0,0,7560,2610,7
2841,1,1,1055,1372,7
2842,0,0,274,4087,7
2843,0,0,5365,2886,7
2844,0,0,4164,3632,7
2845,1,1,65,4357,7
2846,0,0,625,292,7
2847,0,0,7263,1659,7
2848,0,0,5271,2958,7
2849,0,0,4496,1667,7
2850,1,1,3154,5443,7
2851,0,0,5548,307,7
2852,1,1,2871,5728,7
2853,0,0,7307,1163,7
2854,0,0,5333,2923,7
2855,0,0,5365,2401,7
2856,0,0,3807,841,7
2857,0,0,2025,4550,7
2858,0,0,1306,5492,7
2859,0,0,6586,2429,7
2860,0,0,1055,14,7
2861,0,0,690,729,7
2862,1,1,1709,3597,7
2863,0,0,7049,4786,7
2864,0,0,4916,4516,7
2865,0,0,6174,556,7
2866,1,0,66,228,7
2867,0,0,274,1835,7
2868,0,0,6840,6038,7
2869,0,0,5083,3958,7
2870,0,0,3011,4793,7
2871,1,1,3073,532,7
2872,1,1,3515,1215,7
2873,0,0,3319,2274,7
2874,0,0,3234,1290,7
2875,0,0,1556,5293,7
2876,0,0,5577,5634,7
2877,0,0,2490,533,7
2878,0,0,2871,1607,7
2879,0,0,4324,3962,7
2880,0,0,845,2830,7
2881,0,0,3073,4606,7
2882,0,0,4539,3006,7
2883,0,0,2362,1660,7
2884,0,0,4850,955,7
2885,0,0,2786,1460,7
2886,0,0,453,317,7
2887,0,0,449,931,7
2888,0,0,306,1217,7
2889,0,0,5609,200,7
2890,0,0,6722,5281,7
2891,0,0,6510,3006,7
2892,1,1,5992,5473,7
2893,0,0,7167,4408,7
2894,1,1,5232,4734,7
2895,1,1,4916,4783,7
2896,1,1,5929,439,7
2897,0,0,3752,1839,7
2898,0,0,5485,5004,7
2899,0,0,587,391,7
2900,0,0,3997,607,7
2901,1,1,5869,1256,7
2902,0,0,4164,3323,7
2903,1,1,924,2853,7
2904,0,0,2338,1069,7
2905,0,0,7573,1748,7
2906,0,0,1121,3798,7
2907,0,0,2577,965,7
2908,0,0,4842,4682,7
2909,0,0,4766,3207,7
2910,1,1,7469,2777,7
2911,0,1,5072,3002,7
2912,0,0,3886,1468,7
2913,1,1,7081,2981,7
2914,1,1,4797,2257,7
2915,1,1,7263,3343,7
2916,1,0,1705,963,7
2917,0,0,2002,1538,7
2918,0,0,103,2112,7
2919,0,0,5766,5965,7
2920,0,0,3007,638,7
2921,0,0,475,5137,7
2922,0,0,7564,5652,7
2923,0,1,6094,3973,7
2924,0,1,1957,5902,7
2925,0,0,6210,6009,7
2926,0,0,6253,2802,7
2927,1,1,1569,2724,7
2928,0,0,5869,4624,7
2929,0,0,1530,2160,7
2930,0,0,5299,5318,7
2931,0,0,5084,5923,7
2932,0,0,2290,5652,7
2933,0,0,3050,3646,7
2934,0,0,1610,5310,7
2935,0,0,1335,439,7
2936,0,0,5127,2024,7
2937,0,0,6233,1786,7
2938,0,0,3222,5726,7
2939,0,0,248,2451,7
2940,0,0,7339,3197,7
2941,0,0,2028,3662,7
2942,1,1,2786,2504,7
2943,1,0,5072,2653,7
2944,0,0,66,6009,7
2945,0,0,3050,556,7
2946,0,0,6934,3066,7
2947,1,1,2336,5816,7
2948,0,0,3234,3288,7
2949,0,0,6142,2274,7
2950,1,1,8,4293,7
2951,1,1,4351,5852,7
2952,0,0,1642,5421,7
2953,0,0,2747,453,7
2954,0,0,1849,3150,7
2955,0,0,3073,3563,7
2956,0,0,2730,2757,7
2957,0,0,6286,3078,7
2958,0,1,4766,1380,7
2959,0,0,879,3032,7
2960,0,0,5536,4874,7
2961,1,0,7640,5447,7
2962,1,1,233,4967,7
2963,0,0,1795,1283,7
2964,0,0,1968,901,7
2965,1,1,2010,4956,7
2966,0,0,3007,3562,7
2967,0,0,137,3337,7
2968,0,0,332,719,7
2969,0,0,4842,4072,7
2970,0,0,1757,2005,7
2971,0,0,117,2790,7
2972,0,0,4279,3923,7
2973,0,0,5428,2151,7
2974,0,0,1756,2703,7
2975,0,0,4164,5465,7
2976,1,1,4451,1478,7
2977,1,1,3577,1245,7
2978,1,1,3997,4161,7
2979,0,0,2217,3655,7
2980,0,0,6155,4581,7
2981,1,1,3216,2031,7
2982,0,0,2306,1568,7
2983,0,0,3087,2984,7
2984,0,0,3174,3749,7
2985,0,0,1369,1006,7
2986,0,0,7157,4498,7
2987,0,0,2199,5240,7
2988,0,0,6600,167,7
2989,1,1,625,1763,7
2990,0,0,7564,4735,7
2991,1,1,1340,3217,7
2992,0,0,7560,191,7
2993,0,0,6360,1647,7
2994,0,0,5072,2329,7
2995,0,0,378,1120,7
2996,0,0,121,2681,7
2997,0,0,253,379,7
2998,0,0,5963,262,7
2999,0,0,2226,1053,7
3000,0,0,2048,3263,7
3001,1,1,6722,5814,7
3002,0,0,6966,795,7
3003,0,0,919,5421,7
3004,0,0,5206,1013,7
3005,0,0,3631,5278,7
3006,0,0,2601,4148,7
3007,0,0,3531,3887,7
3008,0,0,4925,4643,7
3009,0,0,5286,4359,7
3010,0,0,4496,1085,7
3011,0,0,6040,2082,7
3012,0,0,5970,968,7
3013,0,0,6465,2476,7
3014,1,1,7721,17,7
3015,1,1,3282,1058,7
3016,1,1,7111,5408,7
3017,0,0,861,4385,7
3018,0,0,7447,390,7
3019,1,1,3812,547,7
3020,0,0,1135,4153,7
3021,0,0,958,3850,7
3022,0,0,3807,5587,7
3023,1,1,7447,5074,7
3024,0,0,3282,3765,7
3025,0,0,7015,4757,7
3026,0,0,6386,2718,7
3027,0,0,103,1783,7
3028,0,0,1102,2083,7
3029,0,0,4832,2321,7
3030,1,1,1173,5666,7
3031,0,0,587,5210,7
3032,0,0,3512,2080,7
3033,0,0,2050,1631,7
3034,0,0,3282,1326,7
3035,0,0,861,1347,7
3036,0,0,1173,653,7
3037,0,0,7632,926,7
3038,0,0,1055,2295,7
3039,0,0,762,3205,7
3040,0,0,7111,4111,7
3041,1,1,930,4404,7
3042,0,0,7123,5999,7
3043,1,1,2290,4428,7
3044,0,0,5899,3318,7
3045,1,1,274,1002,7
3046,0,0,6826,4229,7
3047,0,0,1153,3992,7
3048,1,1,6576,4056,7
3049,0,0,5985,4277,7
3050,0,0,1102,805,7
3051,0,0,4279,5621,7
3052,0,0,5083,5593,7
3053,0,0,6586,3749,7
3054,0,0,3186,1090,7
3055,0,0,3178,5071,7
3056,0,0,277,5570,7
3057,0,0,5485,5623,7
3058,0,0,321,3687,7
3059,0,0,6427,2724,7
3060,0,0,5793,4578,7
3061,0,0,7056,1391,7
3062,0,0,5899,297,7
3063,0,0,3011,663,7
3064,0,0,103,5151,7
3065,0,0,1513,4204,7
3066,0,0,4024,586,7
3067,0,0,6722,1414,7
3068,0,0,4766,3791,7
3069,0,0,274,5757,7
3070,0,0,96,5442,7
3071,0,0,3319,4194,7
3072,1,1,3737,825,7
3073,0,1,117,2141,7
3074,0,0,4351,1022,7
3075,1,0,7263,773,7
3076,0,0,7261,1175,7
3077,0,0,7307,5110,7
3078,0,0,5693,5700,7
3079,0,0,5536,3957,7
3080,0,0,5050,1199,7
3081,1,1,737,3088,7
3082,0,0,6576,1603,7
3083,0,0,1513,5524,7
3084,1,1,5987,2015,7
3085,0,0,919,4091,7
3086,0,0,2490,3337,7
3087,0,0,4496,4071,7
3088,0,0,1280,816,7
3089,0,0,2747,2025,7
3090,0,0,3308,3134,7
3091,0,0,3308,5146,7
3092,0,0,5286,5918,7
3093,0,0,4842,2263,7
3094,0,0,236,5372,7
3095,1,1,5299,2074,7
3096,0,0,1642,3831,7
3097,0,0,878,2103,7
3098,0,0,7580,2530,7
3099,0,0,4684,1755,7
3100,0,0,7577,1858,7
3101,0,0,6465,5240,7
3102,1,1,306,4146,7
3103,0,0,3083,4787,7
3104,0,0,3174,2141,7
3105,0,0,3507,821,7
3106,0,0,7456,4134,7
3107,0,0,3807,5048,7
3108,0,0,5850,5718,7
3109,0,0,3321,4400,7
3110,0,0,5687,3973,7
3111,0,0,3532,3665,7
3112,0,0,7123,2471,7
3113,0,0,2099,693,7
3114,0,0,6764,4532,7
3115,0,0,5963,509,7
3116,0,0,6931,3454,7
3117,0,0,1135,91,7
3118,0,0,6416,4632,7
3119,0,0,625,5610,7
3120,0,0,1121,2568,7
3121,0,0,1610,2898,7
3122,0,0,3531,4442,7
3123,0,0,321,1992,7
3124,0,0,4884,4799,7
3125,0,0,685,4856,7
3126,0,0,5929,1402,7
3127,0,0,3997,5691,7
3128,0,0,5498,5141,7
3129,0,0,5558,1795,7
3130,1,0,5515,2583,7
3131,1,1,3319,307,7
3132,0,0,3488,1353,7
3133,1,1,4024,3215,7
3134,0,0,2028,4160,7
3135,0,0,6535,381,7
3136,0,0,7123,5758,7
3137,0,0,3220,664,7
3138,0,0,1583,3169,7
3139,0,0,7577,5930,7
3140,0,0,6255,5666,7
3141,0,0,7339,1603,7
3142,0,0,5850,5412,7
3143,0,0,5422,2947,7
3144,0,0,5464,1069,7
3145,0,0,2349,3851,7
3146,0,0,5206,3100,7
3147,0,0,5127,5338,7
3148,0,0,6931,5095,7
3149,0,0,3050,4166,7
3150,0,0,4884,2692,7
3151,0,0,1340,971,7
3152,0,0,6754,4822,7
3153,0,0,2730,2898,7
3154,0,0,6510,3113,7
3155,0,0,6998,148,7
3156,0,0,4608,2395,7
3157,0,0,1642,1887,7
3158,0,0,6754,1605,7
3159,0,0,1078,734,7
3160,0,0,140,3814,7
3161,0,0,6343,1867,7
3162,0,0,453,5561,7
3163,0,0,2871,4277,7
3164,1,1,3895,5864,7
3165,0,0,1617,5371,7
3166,0,0,2010,2383,7
3167,0,0,762,5817,7
3168,0,0,6200,5979,7
3169,0,0,711,2474,7
3170,0,0,5390,2010,7
3171,1,1,4128,4822,7
3172,0,0,587,4697,7
3173,1,1,1968,4457,7
3174,0,0,1390,2887,7
3175,0,0,5577,3291,7
3176,0,0,3056,5608,7
3177,0,0,488,2264,7
3178,0,0,1885,3468,7
3179,0,0,2218,2507,7
3180,0,0,1390,1647,7
3181,0,0,4045,3233,7
3182,1,1,4664,3880,7
3183,1,1,449,3903,7
3184,0,0,3662,1743,7
3185,0,0,6510,5983,7
3186,0,0,7632,3876,7
3187,0,1,6040,5136,7
3188,0,0,2010,3449,7
3189,0,0,3321,236,7
3190,0,0,274,1783,7
3191,0,0,3319,1952,7
3192,0,0,5536,4822,7
3193,0,0,2728,1872,7
3194,0,0,5333,5523,7
3195,1,1,1400,1696,7
3196,0,0,3073,5644,7
3197,1,1,2199,3992,7
3198,1,1,861,4037,7
3199,1,1,1078,3754,7
3200,0,0,3050,1434,7
3201,0,0,5693,3630,7
3202,0,0,1610,2413,7
3203,0,0,2191,1752,7
3204,0,0,5464,2937,7
3205,1,1,1731,3455,7
3206,0,0,1935,4428,7
3207,0,0,2778,1614,7
3208,0,0,861,1365,7
3209,1,1,327,4234,7
3210,0,0,1642,453,7
3211,0,0,6253,5758,7
3212,0,1,3893,4747,7
3213,0,0,6465,1212,7
3214,0,0,4807,3199,7
3215,0,0,7015,753,7
3216,0,0,4659,477,7
3217,0,0,1921,2203,7
3218,0,0,3917,3711,7
3219,0,0,5422,1432,7
3220,0,0,1121,5289,7
3221,0,0,1306,4557,7
3222,0,0,453,4886,7
3223,0,0,4024,3819,7
3224,1,1,1183,5527,7
3225,0,0,2199,301,7
3226,0,0,6200,2600,7
3227,0,0,625,4596,7
3228,0,0,6840,3003,7
3229,0,0,66,525,7
3230,0,0,5414,6015,7
3231,1,1,4430,4319,7
3232,0,0,6754,3763,7
3233,0,0,5548,3308,7
3234,0,0,2218,3556,7
3235,1,1,1697,5169,7
3236,1,0,5515,3372,7
3237,0,0,6033,2501,7
3238,0,0,3174,1568,7
3239,0,0,5117,19,7
3240,0,0,4884,5353,7
3241,0,0,1705,757,7
3242,0,0,5970,3372,7
3243,0,0,4279,5181,7
3244,0,1,6210,4463,7
3245,0,0,4766,926,7
3246,0,0,3056,4825,7
3247,0,0,4164,4184,7
3248,0,0,3923,2878,7
3249,0,0,3760,5886,7
3250,0,0,255,2010,7
3251,0,0,5127,2038,7
3252,0,0,7143,1030,7
3253,0,0,2362,5004,7
3254,0,0,1610,4854,7
3255,0,0,5693,3571,7
3256,0,0,2338,816,7
3257,0,0,528,2175,7
3258,0,0,6826,5573,7
3259,1,1,4884,5294,7
3260,1,0,4496,5981,7
3261,1,1,3308,2093,7
3262,1,1,1665,5935,7
3263,0,0,3419,4939,7
3264,1,1,5414,4362,7
3265,0,0,4487,1019,7
3266,0,0,2911,2689,7
3267,0,0,1569,285,7
3268,0,0,1195,5114,7
3269,0,0,1731,3719,7
3270,0,0,6722,5688,7
3271,0,0,3794,2636,7
3272,0,0,4797,4679,7
3273,0,0,4807,697,7
3274,0,0,3737,5410,7
3275,0,0,3419,1522,7
3276,0,0,5414,2699,7
3277,0,0,7632,4721,7
3278,1,1,5084,1026,7
3279,0,0,2266,150,7
3280,0,0,7103,4532,7
3281,0,0,5899,3872,7
3282,0,0,2033,4479,7
3283,0,0,3222,1173,7
3284,0,0,5084,3516,7
3285,0,0,4174,795,7
3286,0,0,2048,589,7
3287,0,0,4884,3131,7
3288,0,0,7573,3267,7
3289,0,0,6200,2774,7
3290,0,0,4386,1649,7
3291,0,1,1036,1028,7
3292,0,0,6931,2537,7
3293,0,0,4539,462,7
3294,0,0,1966,462,7
3295,0,0,2081,4542,7
3296,0,0,7111,2982,7
3297,0,0,6771,1492,7
3298,1,1,378,617,7
3299,1,1,2205,5124,7
3300,0,0,4766,2194,7
3301,0,0,488,5385,7
3302,0,0,7263,642,7
3303,0,0,4181,5005,7
3304,0,0,6385,2103,7
3305,0,0,117,2429,7
3306,0,0,1583,4697,7
3307,0,0,5592,478,7
3308,0,0,4832,2891,7
3309,0,0,1697,460,7
3310,0,0,4496,803,7
3311,0,0,4684,96,7
3312,0,0,3174,2429,7
3313,1,1,121,1517,7
3314,0,0,4341,4542,7
3315,0,0,777,5421,7
3316,0,0,3222,1790,7
3317,0,0,103,5593,7
3318,0,0,2583,3781,7
3319,0,0,5861,5497,7
3320,1,1,3174,1525,7
3321,0,0,2165,5085,7
3322,0,0,7447,1682,7
3323,1,1,3168,31,7
3324,0,0,3024,4461,7
3325,0,0,5963,1628,7
3326,0,0,1935,3875,7
3327,1,1,5050,5958,7
3328,0,0,7560,1649,7
3329,0,0,5766,2529,7
3330,0,0,378,4672,7
3331,0,0,3507,5055,7
3332,0,0,7424,4377,7
3333,0,0,1921,2885,7
3334,0,0,6087,3726,7
3335,0,0,6174,3307,7
3336,1,1,984,982,7
3337,0,0,2778,5298,7
3338,0,0,3532,4384,7
3339,0,0,4420,511,7
3340,0,0,2511,2058,7
3341,0,0,5766,4202,7
3342,0,0,2033,4994,7
3343,0,0,2217,2690,7
3344,0,0,6033,734,7
3345,0,0,5498,5721,7
3346,0,0,1390,5033,7
3347,0,0,878,1503,7
3348,0,0,5330,2947,7
3349,0,0,1078,1891,7
3350,1,0,66,5114,7
3351,0,0,1633,1608,7
3352,0,0,5558,2537,7
3353,0,0,2786,4672,7
3354,0,0,306,4854,7
3355,0,0,1195,1786,7
3356,0,0,5072,4165,7
3357,0,0,5929,1649,7
3358,0,0,1795,2572,7
3359,0,0,6754,712,7
3360,0,0,3321,5033,7
3361,0,0,1642,5398,7
3362,0,0,4364,5748,7
3363,0,0,6998,3156,7
3364,0,0,6155,5977,7
3365,0,0,3532,4280,7
3366,0,0,2336,4585,7
3367,0,0,3488,3282,7
3368,0,0,1957,1109,7
3369,0,0,5536,2691,7
3370,0,0,3308,3691,7
3371,0,1,3752,81,7
3372,0,0,4320,4399,7
3373,0,0,7081,5885,7
3374,0,0,7261,1536,7
3375,0,0,5029,94,7
3376,0,0,66,3261,7
3377,0,0,4024,5994,7
3378,0,0,560,1443,7
3379,0,0,2138,1191,7
3380,0,0,2686,935,7
3381,0,0,3178,5648,7
3382,0,0,4364,2528,7
3383,0,0,3997,2272,7
3384,1,1,3087,4177,7
3385,0,0,3222,3363,7
3386,0,0,277,2507,7
3387,1,1,5536,2151,7
3388,0,0,724,5508,7
3389,0,0,690,2973,7
3390,1,1,7456,4767,7
3391,0,0,1583,4686,7
3392,0,0,5229,588,7
3393,0,0,2338,5421,7
3394,0,0,2778,2878,7
3395,1,1,3760,5202,7
3396,0,0,6535,1519,7
3397,0,0,2641,1415,7
3398,0,0,233,1507,7
3399,1,1,2099,3584,7
3400,0,0,7408,1931,7
3401,1,1,1633,1131,7
3402,0,0,2789,4513,7
3403,0,0,140,3492,7
3404,0,0,5515,4991,7
3405,0,0,2081,5049,7
3406,0,0,7308,2757,7
3407,0,0,3577,69,7
3408,1,1,2217,1296,7
3409,0,0,253,246,7
3410,0,0,3419,2740,7
3411,1,1,7157,856,7
3412,0,0,6126,3326,7
3413,0,0,5948,1520,7
3414,0,0,1078,903,7
3415,0,0,332,1024,7
3416,0,0,3507,2431,7
3417,0,0,137,4253,7
3418,0,0,4916,518,7
3419,0,0,5992,3021,7
3420,0,0,306,289,7
3421,0,0,332,2793,7
3422,0,1,7143,1451,7
3423,0,0,7049,3244,7
3424,0,0,5558,1164,7
3425,0,0,5899,2185,7
3426,0,0,1705,6024,7
3427,0,0,5945,4442,7
3428,0,0,147,1727,7
3429,0,0,1400,2967,7
3430,1,1,2306,67,7
3431,0,0,4850,3831,7
3432,0,0,2218,4261,7
3433,0,0,7447,6,7
3434,0,0,1305,4569,7
3435,0,0,1513,2085,7
3436,1,1,560,1933,7
3437,0,0,6200,1517,7
3438,0,0,1768,1326,7
3439,0,0,6465,354,7
3440,0,0,2692,2304,7
3441,0,0,2002,5140,7
3442,1,1,6510,4570,7
3443,0,0,6998,1166,7
3444,0,0,1849,4799,7
3445,0,0,1705,4383,7
3446,1,1,3531,1647,7
3447,0,0,4832,2967,7
3448,0,0,2338,1987,7
3449,0,0,4320,2292,7
3450,0,0,777,1069,7
3451,0,0,7015,2272,7
3452,0,1,520,3548,7
3453,0,0,3220,3014,7
3454,0,0,5929,3834,7
3455,1,1,2165,885,7
3456,0,0,1305,2815,7
3457,0,0,5414,4887,7
3458,0,0,5422,2031,7
3459,0,0,3129,477,7
3460,0,0,4716,4645,7
3461,0,0,66,1738,7
3462,1,1,3532,2651,7
3463,0,0,5428,4874,7
3464,0,0,5577,2382,7
3465,0,0,5548,2274,7
3466,0,0,4174,4111,7
3467,0,0,6174,4220,7
3468,0,0,4128,2151,7
3469,0,0,3737,2514,7
3470,0,0,6510,18,7
3471,0,0,6771,5611,7
3472,0,0,6716,1252,7
3473,0,0,4128,5625,7
3474,0,0,5579,5162,7
3475,0,0,2050,1081,7
3476,0,0,2266,5020,7
3477,1,1,5574,5178,7
3478,0,0,5050,3822,7
3479,0,0,5072,1732,7
3480,0,0,1705,1155,7
3481,0,0,306,2413,7
3482,0,0,560,83,7
3483,0,0,5918,3996,7
3484,1,1,6386,2322,7
3485,0,0,6457,4086,7
3486,0,0,1898,4000,7
3487,0,0,7640,773,7
3488,0,0,6535,4958,7
3489,0,0,3216,5652,7
3490,0,0,4164,5216,7
3491,0,0,6576,810,7
3492,0,0,3532,4592,7
3493,1,1,3234,1642,7
3494,1,1,255,2254,7
3495,0,0,2362,5908,7
3496,0,0,5992,5220,7
3497,0,0,248,3989,7
3498,0,0,6552,1538,7
3499,1,1,140,4679,7
3500,0,0,2205,5189,7
3501,0,0,1885,1944,7
3502,0,0,1153,2790,7
3503,1,1,215,4812,7
3504,0,0,5091,2605,7
3505,1,1,5286,4761,7
3506,0,0,6934,5979,7
3507,0,0,711,5297,7
3508,1,1,7123,2224,7
3509,0,0,3083,525,7
3510,0,0,6255,653,7
3511,0,0,3888,4345,7
3512,0,0,5299,5384,7
3513,0,0,5428,5194,7
3514,0,0,6465,3697,7
3515,0,0,2511,1376,7
3516,0,0,1885,733,7
3517,0,0,378,4108,7
3518,0,0,4420,2705,7
3519,0,0,4832,4581,7
3520,0,0,5687,3237,7
3521,0,0,1121,1365,7
3522,0,0,2033,2624,7
3523,0,0,3526,968,7
3524,0,0,7111,3004,7
3525,0,0,1530,4491,7
3526,0,0,6576,5372,7
3527,1,1,752,5590,7
3528,1,1,129,4212,7
3529,0,0,2786,5627,7
3530,0,0,1921,6045,7
3531,1,1,2911,5546,7
3532,1,1,6734,1710,7
3533,0,0,4420,152,7
3534,0,0,4766,4721,7
3535,0,0,5985,598,7
3536,0,0,2226,4502,7
3537,1,1,2027,742,7
3538,0,0,5084,2287,7
3539,0,0,879,166,7
3540,0,0,121,12,7
3541,0,0,5206,293,7
3542,0,0,1513,3506,7
3543,0,0,1530,5730,7
3544,1,1,1335,3092,7
3545,1,1,4299,1876,7
3546,1,1,4911,4839,7
3547,0,0,5084,4655,7
3548,0,0,4279,6003,7
3549,0,0,2495,4767,7
3550,0,0,5536,3156,7
3551,0,0,4386,4100,7
3552,0,0,4929,3921,7
3553,0,0,3234,4722,7
3554,0,0,625,5489,7
3555,1,1,2965,1898,7
3556,0,0,4279,821,7
3557,1,1,6547,2958,7
3558,0,0,7339,4867,7
3559,0,0,3073,6031,7
3560,0,0,7721,2067,7
3561,0,0,2798,5847,7
3562,1,1,6447,1317,7
3563,0,0,7456,5652,7
3564,0,0,7020,5837,7
3565,0,0,560,289,7
3566,0,0,4128,36,7
3567,0,0,2778,3453,7
3568,0,0,5464,4715,7
3569,0,0,3752,4644,7
3570,0,0,6457,3917,7
3571,0,0,2789,1393,7
3572,0,0,984,3392,7
3573,0,0,1812,5361,7
3574,1,1,3220,1487,7
3575,1,1,5390,1055,7
3576,0,0,6416,1006,7
3577,0,0,6966,5408,7
3578,1,1,2362,4332,7
3579,0,0,1935,5652,7
3580,0,0,2336,1899,7
3581,1,1,6600,3279,7
3582,0,0,327,4410,7
3583,0,0,4451,3270,7
3584,0,0,2338,4091,7
3585,0,0,4496,4434,7
3586,0,0,5592,4615,7
3587,0,0,475,4228,7
3588,0,0,3308,5452,7
3589,0,0,4174,2031,7
3590,0,0,5084,5855,7
3591,0,0,6966,3608,7
3592,0,0,587,1943,7
3593,0,0,2911,167,7
3594,1,1,5206,5146,7
3595,0,0,5929,3092,7
3596,0,0,867,4783,7
3597,1,1,6155,2967,7
3598,0,0,5515,3814,7
3599,0,0,6343,2332,7
3600,1,1,5899,5008,7
3601,0,0,1090,734,7
3602,0,0,6931,3545,7
3603,0,0,6457,2116,7
3604,0,0,4237,3279,7
3605,1,1,236,2606,7
3606,0,0,3174,301,7
3607,0,0,3308,2703,7
3608,0,0,6233,5718,7
3609,0,0,4659,1578,7
3610,0,0,4151,1845,7
3611,0,0,5117,4046,7
3612,0,0,6447,5497,7
3613,1,1,4045,1020,7
3614,0,0,4024,1585,7
3615,0,0,6998,5571,7
3616,0,0,3526,5711,7
3617,0,0,6931,4640,7
3618,0,0,4181,1422,7
3619,0,0,2871,1806,7
3620,0,0,7020,4519,7
3621,0,0,5899,3719,7
3622,1,1,1090,3712,7
3623,0,0,5127,3111,7
3624,0,0,3526,1204,7
3625,0,0,6771,5508,7
3626,0,0,7015,1449,7
3627,0,0,1610,1217,7
3628,0,0,7261,2376,7
3629,0,0,3737,5194,7
3630,0,0,6840,2323,7
3631,0,0,1731,867,7
3632,0,0,2336,5847,7
3633,0,0,5929,5067,7
3634,0,0,6142,4194,7
3635,0,0,2636,5750,7
3636,0,0,1642,4276,7
3637,0,0,4279,5408,7
3638,1,1,2689,5580,7
3639,0,0,5869,2166,7
3640,0,0,724,2735,7
3641,0,0,1102,2720,7
3642,0,0,5333,574,7
3643,1,1,6416,1326,7
3644,1,1,5333,521,7
3645,0,0,3515,3923,7
3646,0,0,5286,44,7
3647,0,0,378,1892,7
3648,0,0,1390,236,7
3649,0,0,3174,1212,7
3650,0,0,7263,5447,7
3651,1,1,1921,3271,7
3652,0,0,924,3906,7
3653,0,0,3526,3429,7
3654,0,0,5579,947,7
3655,0,0,4842,1856,7
3656,0,0,1642,955,7
3657,0,0,3234,738,7
3658,1,1,5850,5371,7
3659,0,0,6255,2159,7
3660,0,0,5579,2793,7
3661,0,0,2517,4470,7
3662,0,0,6934,131,7
3663,0,0,117,1525,7
3664,0,0,5945,76,7
3665,1,1,1812,329,7
3666,1,1,6233,580,7
3667,1,1,777,5837,7
3668,0,0,6771,1473,7
3669,0,0,3662,1878,7
3670,0,0,6457,2893,7
3671,0,0,1812,2888,7
3672,0,0,777,3279,7
3673,0,0,4279,1118,7
3674,1,1,4324,4040,7
3675,0,0,4364,59,7
3676,0,0,5428,1736,7
3677,0,0,2336,293,7
3678,0,0,2027,4328,7
3679,0,0,6385,2182,7
3680,1,1,4537,5895,7
3681,0,0,1121,4037,7
3682,0,0,4341,5699,7
3683,0,0,233,5440,7
3684,0,0,7167,4502,7
3685,0,0,1400,4581,7
3686,0,0,1153,1212,7
3687,0,0,984,5664,7
3688,0,0,4832,1696,7
3689,0,0,4766,6031,7
3690,0,0,3893,3523,7
3691,1,1,7103,939,7
3692,0,0,4487,4637,7
3693,0,0,6966,35,7
3694,1,1,4608,1623,7
3695,0,0,6722,5774,7
3696,0,0,3631,1206,7
3697,0,0,724,2178,7
3698,0,0,2490,3538,7
3699,0,0,6457,5079,7
3700,0,0,7263,5886,7
3701,1,0,7263,5642,7
3702,0,0,6210,5967,7
3703,0,0,1390,4746,7
3704,0,0,1173,2159,7
3705,0,0,3737,2950,7
3706,0,0,7308,1558,7
3707,0,1,66,2717,7
3708,0,0,103,903,7
3709,0,0,7577,2380,7
3710,0,0,3888,1758,7
3711,0,0,762,546,7
3712,1,0,6240,3499,7
3713,0,0,7640,2611,7
3714,0,0,2081,4832,7
3715,0,0,3216,3608,7
3716,0,0,6667,1793,7
3717,0,0,4664,580,7
3718,0,0,5515,4605,7
3719,0,0,1195,228,7
3720,0,0,5577,3599,7
3721,0,0,4164,5979,7
3722,0,0,7308,1597,7
3723,0,0,5515,3432,7
3724,0,0,6934,3206,7
3725,0,0,6722,2959,7
3726,0,0,7307,5055,7
3727,0,0,3807,1675,7
3728,0,0,4850,5421,7
3729,0,0,255,4936,7
3730,0,1,6840,3243,7
3731,0,0,2601,3197,7
3732,0,0,879,4482,7
3733,0,0,2911,5362,7
3734,0,0,3860,2154,7
3735,0,0,7640,440,7
3736,0,0,6510,1303,7
3737,0,1,6178,3780,7
3738,1,1,6934,3813,7
3739,1,1,5117,2281,7
3740,1,0,1849,6010,7
3741,0,0,1055,5268,7
3742,0,0,6934,333,7
3743,0,0,6210,5371,7
3744,0,0,2338,3831,7
3745,0,0,4341,4172,7
3746,0,0,1195,2660,7
3747,0,0,4181,3029,7
3748,0,0,2349,5935,7
3749,0,0,4608,4052,7
3750,0,0,1731,2122,7
3751,0,0,2199,950,7
3752,0,0,7227,4979,7
3753,0,0,685,4718,7
3754,0,0,7577,1324,7
3755,0,0,3515,1319,7
3756,0,0,762,2615,7
3757,0,0,1102,5150,7
3758,0,0,1795,4635,7
3759,0,0,321,755,7
3760,1,1,3011,5006,7
3761,0,0,3613,1683,7
3762,1,0,1153,354,7
3763,1,1,1556,4101,7
3764,0,0,5229,1546,7
3765,0,0,1795,4969,7
3766,1,1,354,2295,7
3767,1,1,1369,4632,7
3768,0,0,625,5930,7
3769,0,0,4164,4372,7
3770,0,0,3807,4894,7
3771,0,0,1966,4877,7
3772,0,0,4537,1522,7
3773,0,0,1633,5841,7
3774,0,0,762,1509,7
3775,0,0,5948,347,7
3776,0,0,5485,4332,7
3777,1,1,5687,2028,7
3778,0,0,117,1212,7
3779,0,0,1705,3581,7
3780,0,0,5536,3430,7
3781,0,0,5693,1148,7
3782,1,1,1885,5614,7
3783,0,0,1610,3417,7
3784,1,1,4850,4276,7
3785,0,0,5899,2243,7
3786,1,1,7537,5475,7
3787,0,0,878,3497,7
3788,1,1,4162,601,7
3789,0,0,5963,3931,7
3790,0,0,5050,5692,7
3791,1,1,2349,423,7
3792,0,0,3760,5957,7
3793,1,1,3986,3414,7
3794,0,0,7632,1743,7
3795,0,0,5050,5346,7
3796,0,0,7111,1733,7
3797,1,1,1610,4725,7
3798,0,0,6200,5016,7
3799,1,1,137,536,7
3800,1,1,6966,4111,7
3801,0,0,277,3236,7
3802,0,0,3526,604,7
3803,0,0,6360,2639,7
3804,0,0,5536,2181,7
3805,0,0,5987,810,7
3806,0,0,5450,5741,7
3807,0,0,7049,616,7
3808,0,0,560,2681,7
3809,0,0,5186,5443,7
3810,1,1,7049,2160,7
3811,0,0,1340,80,7
3812,0,0,1556,2181,7
3813,0,0,5390,3761,7
3814,0,0,3917,33,7
3815,1,1,6087,4465,7
3816,0,0,7640,3821,7
3817,0,0,6033,3754,7
3818,0,0,2641,500,7
3819,0,0,3222,5787,7
3820,0,0,4842,1973,7
3821,0,0,5948,651,7
3822,1,1,6174,2694,7
3823,1,1,7478,994,7
3824,0,0,6552,2365,7
3825,0,0,6716,3681,7
3826,0,0,752,2397,7
3827,0,0,1173,5525,7
3828,0,0,3888,2364,7
3829,0,0,6754,2716,7
3830,0,0,4420,1970,7
3831,0,0,5206,344,7
3832,0,0,6764,478,7
3833,0,0,7056,5784,7
3834,0,0,3222,804,7
3835,0,0,6385,479,7
3836,0,0,1935,741,7
3837,0,0,2730,5241,7
3838,0,0,6094,5969,7
3839,0,0,103,239,7
3840,0,0,724,3999,7
3841,0,0,3073,212,7
3842,1,0,117,301,7
3843,0,0,3760,1675,7
3844,0,0,1849,474,7
3845,0,0,321,538,7
3846,0,0,7564,1075,7
3847,0,0,2218,4742,7
3848,0,0,3168,2141,7
3849,1,1,1043,2932,7
3850,1,1,5579,1391,7
3851,0,0,958,2842,7
3852,1,1,4174,3608,7
3853,0,0,2010,1770,7
3854,0,0,4174,6003,7
3855,0,0,6142,2365,7
3856,1,1,879,1376,7
3857,0,0,1697,1454,7
3858,0,0,2081,3,7
3859,0,0,4128,5014,7
3860,0,0,4842,928,7
3861,0,0,1183,3082,7
3862,0,0,6094,4071,7
3863,0,0,5050,5398,7
3864,0,0,2218,332,7
3865,0,0,3222,3163,7
3866,0,0,7111,1432,7
3867,1,1,6385,5849,7
3868,0,0,3512,3578,7
3869,0,0,5985,3116,7
3870,0,0,3087,554,7
3871,0,0,1556,5194,7
3872,0,0,916,4621,7
3873,1,1,690,3960,7
3874,0,0,2490,3371,7
3875,0,0,306,4725,7
3876,0,0,378,4471,7
3877,0,0,4128,4432,7
3878,0,0,711,3152,7
3879,1,1,7339,4097,7
3880,0,0,1513,861,7
3881,0,0,5117,755,7
3882,0,0,2871,5980,7
3883,0,0,1731,5930,7
3884,0,0,7263,2487,7
3885,1,1,3024,3624,7
3886,0,0,1400,2321,7
3887,0,0,4164,2600,7
3888,1,1,4539,3104,7
3889,1,1,3631,324,7
3890,0,0,2199,354,7
3891,0,0,6253,1577,7
3892,0,0,2217,762,7
3893,0,0,475,3053,7
3894,0,0,2138,4203,7
3895,0,0,1135,4713,7
3896,0,0,5072,3227,7
3897,0,0,3794,1471,7
3898,0,0,6253,1877,7
3899,1,1,1341,2847,7
3900,0,0,6510,3524,7
3901,0,0,4151,854,7
3902,1,1,2193,5944,7
3903,1,1,277,4261,7
3904,0,0,6178,472,7
3905,0,0,7424,2236,7
3906,0,0,711,3505,7
3907,1,1,3321,4707,7
3908,1,1,6931,4699,7
3909,1,1,7564,2922,7
3910,0,0,2362,445,7
3911,0,0,1898,5335,7
3912,0,0,3050,4200,7
3913,0,0,5609,2230,7
3914,1,0,6094,2358,7
3915,0,0,958,6005,7
3916,1,1,6457,3037,7
3917,0,0,2217,2209,7
3918,0,0,6253,5119,7
3919,0,0,7577,1763,7
3920,0,0,1280,731,7
3921,0,0,6764,89,7
3922,0,0,5592,3446,7
3923,0,0,6360,2887,7
3924,0,0,7640,2487,7
3925,0,0,587,3236,7
3926,0,0,924,820,7
3927,0,0,6576,437,7
3928,0,0,5229,3972,7
3929,0,0,3986,5850,7
3930,0,0,919,4519,7
3931,0,0,6934,2760,7
3932,0,0,3997,50,7
3933,0,0,3056,1470,7
3934,0,0,1968,3607,7
3935,0,0,1055,1131,7
3936,0,0,1306,1293,7
3937,0,0,5592,5777,7
3938,0,0,1090,2566,7
3939,0,0,5918,4552,7
3940,0,0,2965,3980,7
3941,0,0,277,3556,7
3942,0,0,6998,2246,7
3943,0,0,96,1608,7
3944,1,1,7261,2846,7
3945,0,0,5869,4221,7
3946,0,0,1610,1627,7
3947,0,0,4684,2437,7
3948,0,0,65,3586,7
3949,0,0,2715,6009,7
3950,0,0,3812,1756,7
3951,0,0,2266,4063,7
3952,1,1,253,5941,7
3953,0,0,5271,4930,7
3954,1,1,6998,3400,7
3955,0,0,6040,5721,7
3956,0,0,3056,1805,7
3957,0,0,327,1767,7
3958,0,0,96,263,7
3959,0,0,2950,957,7
3960,0,0,1966,2763,7
3961,0,0,752,2332,7
3962,0,0,6934,5709,7
3963,1,1,5945,4153,7
3964,0,0,3794,5422,7
3965,0,0,1642,1987,7
3966,0,0,5127,5849,7
3967,0,0,6722,4218,7
3968,0,0,1583,391,7
3969,0,0,66,5967,7
3970,0,0,717,4516,7
3971,0,0,488,3394,7
3972,0,0,378,1181,7
3973,0,0,378,3110,7
3974,0,0,1369,3814,7
3975,0,0,3532,4307,7
3976,0,0,4451,2446,7
3977,0,0,3087,3039,7
3978,0,0,2165,2950,7
3979,0,0,1921,3820,7
3980,1,1,5609,432,7
3981,1,1,3050,2539,7
3982,1,1,2715,3283,7
3983,0,0,7504,4070,7
3984,0,0,2028,1830,7
3985,0,0,7577,186,7
3986,0,0,5299,458,7
3987,0,0,4608,4872,7
3988,0,0,3419,5895,7
3989,0,0,5985,1607,7
3990,0,0,3507,5181,7
3991,1,1,2218,5210,7
3992,0,0,2789,280,7
3993,1,1,958,64,7
3994,0,0,2290,2712,7
3995,1,1,4684,5163,7
3996,0,0,6126,844,7
3997,1,1,2050,744,7
3998,0,0,2490,3714,7
3999,0,0,5609,4851,7
4000,0,0,117,950,7
4001,0,0,2266,407,7
4002,0,0,1102,1093,7
4003,0,0,6094,1667,7
4004,0,0,4608,3330,7
4005,0,0,6210,3929,7
4006,0,0,255,1055,7
4007,0,0,4608,1,7
4008,0,0,6416,3432,7
4009,0,0,2728,5560,7
4010,0,0,2490,3354,7
4011,0,0,6716,14,7
4012,0,0,475,5954,7
4013,0,0,3186,2292,7
4014,0,0,6535,604,7
4015,0,0,488,1818,7
4016,0,0,2048,5220,7
4017,0,0,1400,3210,7
4018,0,0,5948,1060,7
4019,0,0,3078,3102,7
4020,0,0,5365,186,7
4021,1,1,5693,6025,7
4022,0,0,6385,1790,7
4023,0,0,5206,594,7
4024,1,1,5918,4990,7
4025,0,0,6210,228,7
4026,0,0,1583,3442,7
4027,0,0,5330,3875,7
4028,0,0,1055,6016,7
4029,0,0,2150,6120,8
4030,0,0,838,8688,8
4031,0,0,2339,12674,8
4032,0,0,1624,20158,8
4033,0,0,346,385,8
4034,0,0,1552,11145,8
4035,1,1,973,21568,8
4036,0,0,1370,6369,8
4037,0,0,2160,14616,8
4038,0,0,1083,6410,8
4039,0,0,2409,5687,8
4040,0,0,1850,16323,8
4041,0,1,1579,11460,8
4042,0,0,1073,14431,8
4043,0,0,1204,14635,8
4044,0,0,2496,10043,8
4045,0,0,558,8742,8
4046,0,0,907,5582,8
4047,0,1,66,5651,8
4048,0,0,585,3824,8
4049,0,0,1851,4141,8
4050,0,0,2062,350,8
4051,0,0,225,10580,8
4052,0,0,1742,4120,8
4053,0,0,1198,959,8
4054,0,0,2381,13439,8
4055,0,0,2121,10487,8
4056,0,0,1165,2197,8
4057,0,1,1165,3695,8
4058,1,0,1316,4506,8
4059,0,0,584,19775,8
4060,0,0,2071,6770,8
4061,0,0,1861,15799,8
4062,0,0,2340,1800,8
4063,0,0,1818,3830,8
4064,0,0,1706,17095,8
4065,0,0,186,7920,8
4066,0,0,1295,510,8
4067,0,0,1186,3645,8
4068,0,0,1034,13788,8
4069,0,0,1397,9757,8
4070,0,0,636,8689,8
4071,0,0,1748,15907,8
4072,0,0,694,11199,8
4073,0,0,2446,99,8
4074,0,0,594,1352,8
4075,0,0,780,12393,8
4076,0,0,654,8599,8
4077,1,1,470,10874,8
4078,1,1,2193,9730,8
4079,0,0,229,8316,8
4080,0,0,1050,15821,8
4081,0,0,1890,10798,8
4082,0,0,879,1749,8
4083,0,0,2492,11567,8
4084,0,0,111,8431,8
4085,0,0,175,6573,8
4086,1,1,903,16989,8
4087,0,0,1738,15774,8
4088,0,0,1637,17529,8
4089,0,0,2375,4507,8
4090,0,0,1583,2278,8
4091,0,0,235,12319,8
4092,0,0,1166,11912,8
4093,0,0,25,13012,8
4094,0,0,2477,21944,8
4095,0,0,1895,1706,8
4096,0,0,1301,15235,8
4097,0,0,83,15528,8
4098,0,0,1045,8108,8
4099,0,0,2479,14615,8
4100,0,0,2429,6262,8
4101,0,0,934,7127,8
4102,0,0,2327,4257,8
4103,0,0,1001,2713,8
4104,0,0,476,6666,8
4105,0,0,903,1602,8
4106,0,0,1609,12487,8
4107,0,0,585,21453,8
4108,0,0,2340,7773,8
4109,0,0,435,7926,8
4110,1,1,2485,8095,8
4111,0,0,1325,6504,8
4112,1,0,235,16182,8
4113,1,1,395,99,8
4114,0,0,2492,13531,8
4115,0,0,1081,12993,8
4116,0,0,2538,10251,8
4117,0,0,310,19008,8
4118,0,0,1717,21237,8
4119,0,0,252,461,8
4120,0,0,1048,6058,8
4121,0,0,1703,16879,8
4122,0,0,2253,18771,8
4123,0,0,1045,5426,8
4124,0,0,742,118,8
4125,0,0,2156,20212,8
4126,0,0,1397,2364,8
4127,0,0,2259,2953,8
4128,0,0,426,6933,8
4129,0,0,1799,17436,8
4130,0,0,435,16555,8
4131,0,0,1093,18318,8
4132,0,0,715,5655,8
4133,0,0,1714,16429,8
4134,0,0,2117,8304,8
4135,0,0,1982,8180,8
4136,0,0,2024,792,8
4137,0,0,1885,8332,8
4138,0,0,1777,5314,8
4139,0,0,2536,21289,8
4140,0,1,2160,9858,8
4141,0,0,1298,19922,8
4142,0,0,1638,17989,8
4143,0,0,1671,19639,8
4144,0,0,329,15273,8
4145,0,0,1369,15950,8
4146,0,0,1799,18289,8
4147,0,1,1803,6872,8
4148,0,0,2496,21888,8
4149,0,0,1777,5458,8
4150,0,0,1146,13771,8
4151,0,0,2229,18670,8
4152,0,0,1104,13114,8
4153,1,1,955,4702,8
4154,0,1,2201,11698,8
4155,0,0,1818,15809,8
4156,0,0,217,13576,8
4157,0,0,1295,6404,8
4158,0,0,130,8875,8
4159,0,0,2540,3225,8
4160,0,0,1713,49,8
4161,0,0,2303,9522,8
4162,0,0,476,1686,8
4163,0,0,916,6886,8
4164,0,0,1726,7046,8
4165,0,0,264,19687,8
4166,0,0,1287,17327,8
4167,1,1,131,5595,8
4168,0,1,1187,5479,8
4169,0,0,1738,12859,8
4170,0,0,2193,14476,8
4171,0,0,1277,940,8
4172,0,0,645,20720,8
4173,0,0,455,19348,8
4174,0,0,1190,8739,8
4175,0,0,1825,16112,8
4176,0,0,1982,16120,8
4177,0,0,892,15630,8
4178,0,0,636,1188,8
4179,0,0,955,12756,8
4180,0,0,1621,18486,8
4181,0,0,2040,11534,8
4182,0,0,228,14452,8
4183,1,0,594,11307,8
4184,0,0,2520,7744,8
4185,0,0,126,21514,8
4186,0,0,627,12795,8
4187,0,0,145,627,8
4188,0,0,1317,20506,8
4189,0,0,1068,18828,8
4190,0,0,2179,18090,8
4191,0,0,1803,15680,8
4192,0,0,225,2638,8
4193,0,0,1480,1928,8
4194,0,0,2485,6064,8
4195,0,0,1295,12448,8
4196,0,0,1638,18209,8
4197,0,0,2315,6824,8
4198,0,0,2375,5930,8
4199,0,0,1050,7037,8
4200,0,0,594,12069,8
4201,0,0,356,7142,8
4202,0,0,2071,12822,8
4203,0,0,1895,7662,8
4204,0,0,496,2593,8
4205,0,0,1562,4159,8
4206,0,0,955,10234,8
4207,0,0,221,15374,8
4208,0,0,1844,2145,8
4209,0,0,1671,9480,8
4210,0,0,2239,3988,8
4211,0,0,1391,21452,8
4212,0,0,1287,19730,8
4213,0,0,892,20541,8
4214,0,0,723,13411,8
4215,0,0,2449,1477,8
4216,0,0,328,13425,8
4217,0,0,1090,12597,8
4218,0,0,225,10639,8
4219,0,0,1525,589,8
4220,0,0,672,4854,8
4221,0,0,1311,12870,8
4222,0,0,2024,4717,8
4223,0,0,2375,8606,8
4224,0,0,2429,6273,8
4225,1,1,695,12569,8
4226,0,0,1919,14414,8
4227,0,0,1229,10854,8
4228,0,0,264,17781,8
4229,0,0,1062,8462,8
4230,0,0,2322,8450,8
4231,0,0,1180,2617,8
4232,0,0,2359,872,8
4233,0,1,1221,3982,8
4234,0,0,2025,11059,8
4235,0,0,1843,8600,8
4236,0,0,1542,7371,8
4237,0,0,636,14627,8
4238,0,0,57,14015,8
4239,0,0,186,13137,8
4240,0,0,798,8271,8
4241,0,0,723,5636,8
4242,0,0,1298,11005,8
4243,1,1,1834,16331,8
4244,0,0,2132,33,8
4245,1,1,1038,19035,8
4246,0,0,556,10720,8
4247,0,0,2501,6393,8
4248,0,0,654,1978,8
4249,0,0,556,14661,8
4250,0,0,155,1453,8
4251,0,0,694,2043,8
4252,0,0,594,15312,8
4253,0,0,1669,12072,8
4254,0,0,1704,16821,8
4255,0,0,1478,1766,8
4256,0,0,1391,3662,8
4257,0,0,1666,18410,8
4258,0,0,2094,16173,8
4259,0,0,1068,49,8
4260,0,0,529,16639,8
4261,0,0,1342,21065,8
4262,1,0,265,3516,8
4263,0,0,1888,8235,8
4264,0,0,903,9355,8
4265,1,1,1774,18402,8
4266,0,0,720,7422,8
4267,0,0,2072,1742,8
4268,0,0,695,409,8
4269,0,0,2461,21056,8
4270,0,0,2147,14228,8
4271,1,1,452,16645,8
4272,0,0,1607,8736,8
4273,0,0,2503,16929,8
4274,0,0,531,733,8
4275,0,0,2147,14220,8
4276,0,1,588,20108,8
4277,0,0,2536,7762,8
4278,0,0,2286,4742,8
4279,0,0,1287,18587,8
4280,0,0,1362,17533,8
4281,0,0,1888,8775,8
4282,0,0,2201,14110,8
4283,0,0,1738,10679,8
4284,0,0,1277,8897,8
4285,0,0,1048,931,8
4286,1,0,2193,5682,8
4287,0,0,2078,13859,8
4288,0,0,2193,21751,8
4289,0,0,265,19104,8
4290,0,0,2047,12995,8
4291,0,0,13,1627,8
4292,0,0,2219,245,8
4293,0,0,2150,9192,8
4294,1,1,1706,17026,8
4295,0,0,33,13397,8
4296,0,0,398,17718,8
4297,0,0,1368,2382,8
4298,1,0,1104,15342,8
4299,0,0,133,13170,8
4300,0,0,1178,16598,8
4301,0,0,1982,20304,8
4302,0,0,2459,173,8
4303,0,0,2520,14026,8
4304,0,0,1738,19018,8
4305,0,0,1034,19879,8
4306,0,0,695,19704,8
4307,0,0,2047,18945,8
4308,0,0,2440,3414,8
4309,0,0,313,7611,8
4310,0,0,145,8602,8
4311,1,1,1090,16634,8
4312,0,0,1669,16961,8
4313,0,0,597,8335,8
4314,0,0,2062,12231,8
4315,0,0,310,8769,8
4316,0,0,2025,4603,8
4317,0,0,1706,17564,8
4318,1,1,2124,11564,8
4319,0,0,864,13133,8
4320,0,1,627,10489,8
4321,0,0,742,10728,8
4322,0,0,558,4100,8
4323,0,0,703,15633,8
4324,0,0,1248,16894,8
4325,0,0,1999,9557,8
4326,0,0,2441,19388,8
4327,0,0,2229,10792,8
4328,0,0,745,9842,8
4329,0,0,1716,21243,8
4330,0,0,1717,18853,8
4331,0,0,916,2960,8
4332,0,0,2255,12059,8
4333,1,1,1186,16092,8
4334,0,0,57,16941,8
4335,0,0,1640,1568,8
4336,0,0,822,17203,8
4337,0,0,880,3983,8
4338,1,1,558,5883,8
4339,0,0,2485,13377,8
4340,0,0,2492,15528,8
4341,0,0,2440,16944,8
4342,1,1,1104,1397,8
4343,0,0,633,12046,8
4344,0,0,228,15145,8
4345,0,0,1369,6311,8
4346,0,0,1262,21691,8
4347,0,0,131,13582,8
4348,0,0,527,15015,8
4349,0,0,879,7993,8
4350,0,0,2543,12520,8
4351,0,0,1607,10701,8
4352,0,0,1706,16223,8
4353,0,0,1011,7446,8
4354,1,0,398,17563,8
4355,0,0,1843,19030,8
4356,1,1,603,21731,8
4357,1,1,1024,12674,8
4358,0,0,307,12024,8
4359,0,0,328,6124,8
4360,0,0,1653,5594,8
4361,0,0,1844,20809,8
4362,0,0,2449,5418,8
4363,0,0,2186,3545,8
4364,0,0,2441,21088,8
4365,0,0,2446,8337,8
4366,0,0,788,14902,8
4367,0,0,2089,19809,8
4368,0,0,1298,1866,8
4369,0,0,2324,20102,8
4370,0,0,1552,15114,8
4371,0,0,2239,19620,8
4372,0,0,329,21187,8
4373,0,0,781,16578,8
4374,0,0,788,14900,8
4375,0,0,2481,3604,8
4376,0,0,364,3519,8
4377,0,0,627,4730,8
4378,0,0,2236,15574,8
4379,0,0,1794,17576,8
4380,1,1,1784,11403,8
4381,0,1,1672,9027,8
4382,1,1,1999,20189,8
4383,1,0,2496,2018,8
4384,0,0,351,1659,8
4385,0,0,1927,3638,8
4386,0,0,512,3067,8
4387,0,1,1362,17388,8
4388,0,0,1553,6389,8
4389,0,0,971,11430,8
4390,0,0,1396,4379,8
4391,0,0,1738,9879,8
4392,0,0,694,3224,8
4393,1,1,1417,7248,8
4394,0,0,2290,20328,8
4395,0,0,1198,20141,8
4396,0,0,2143,13866,8
4397,0,0,2440,19369,8
4398,0,0,1342,3319,8
4399,0,0,929,12741,8
4400,0,0,1843,8945,8
4401,0,0,2327,20946,8
4402,0,0,1825,2003,8
4403,0,0,235,5960,8
4404,0,0,2078,11174,8
4405,0,0,1565,16342,8
4406,0,0,906,15415,8
4407,0,0,1637,18542,8
4408,0,0,2226,7079,8
4409,0,0,715,11734,8
4410,0,0,2510,1640,8
4411,0,0,2226,8667,8
4412,0,0,781,16481,8
4413,0,0,2353,5473,8
4414,0,0,897,11492,8
4415,0,0,558,20708,8
4416,0,0,723,3648,8
4417,0,0,1311,19020,8
4418,0,0,346,6251,8
4419,0,0,1890,15645,8
4420,1,1,531,19817,8
4421,0,0,1396,3995,8
4422,0,0,2213,19436,8
4423,0,0,1011,3461,8
4424,0,0,1861,250,8
4425,0,0,1946,21063,8
4426,0,0,2186,3614,8
4427,0,0,1325,10508,8
4428,0,0,916,960,8
4429,0,0,931,542,8
4430,0,0,33,9453,8
4431,0,1,1001,6638,8
4432,0,0,1789,18208,8
4433,0,0,633,12412,8
4434,0,0,1730,10880,8
4435,0,0,57,12464,8
4436,0,0,2239,16398,8
4437,0,0,1738,4670,8
4438,0,0,2028,15426,8
4439,0,0,356,9141,8
4440,0,0,1839,17186,8
4441,0,0,310,4718,8
4442,0,0,2536,21288,8
4443,0,0,1850,7857,8
4444,0,0,1480,13134,8
4445,0,0,1613,7732,8
4446,0,0,2229,4784,8
4447,0,0,228,10493,8
4448,0,0,527,4690,8
4449,0,0,2520,53,8
4450,0,0,2154,12711,8
4451,0,1,906,3469,8
4452,0,0,529,14383,8
4453,0,0,1370,3225,8
4454,0,0,2132,1377,8
4455,0,0,2117,8636,8
4456,1,0,711,7681,8
4457,0,0,81,971,8
4458,0,0,1806,3180,8
4459,0,0,1180,10540,8
4460,0,0,229,14002,8
4461,0,0,2229,20723,8
4462,0,0,897,9501,8
4463,0,0,2154,6650,8
4464,0,0,2259,15796,8
4465,0,0,1513,12360,8
4466,0,0,2274,13928,8
4467,0,0,2520,15683,8
4468,1,1,1262,12734,8
4469,0,0,1742,1604,8
4470,0,0,2096,64,8
4471,0,0,85,11588,8
4472,0,0,1038,14915,8
4473,0,0,1229,5311,8
4474,0,0,83,9588,8
4475,0,0,892,18376,8
4476,0,0,1861,18360,8
4477,0,0,1861,17193,8
4478,0,1,1460,14498,8
4479,0,0,2305,598,8
4480,0,0,426,13802,8
4481,0,0,1178,20429,8
4482,0,0,950,20285,8
4483,0,0,2479,114,8
4484,0,0,2429,5967,8
4485,0,0,2017,19537,8
4486,0,0,1237,21547,8
4487,0,0,1613,11168,8
4488,0,0,760,13423,8
4489,0,0,1014,3600,8
4490,1,1,1927,19026,8
4491,0,0,126,20037,8
4492,0,0,694,7513,8
4493,0,0,1897,9469,8
4494,0,0,723,11662,8
4495,0,0,33,7423,8
4496,0,0,1262,14647,8
4497,0,0,903,5555,8
4498,0,0,188,9978,8
4499,1,1,599,556,8
4500,0,0,2062,2267,8
4501,0,1,893,11620,8
4502,0,0,1713,10612,8
4503,0,0,2538,14176,8
4504,1,1,1868,4494,8
4505,0,0,2503,1562,8
4506,0,0,1897,5156,8
4507,0,0,13,12285,8
4508,0,0,1232,10613,8
4509,0,0,2141,11043,8
4510,0,0,1566,21366,8
4511,0,0,1799,17437,8
4512,0,0,2334,7406,8
4513,0,0,1128,11245,8
4514,0,0,1850,18451,8
4515,1,1,745,11810,8
4516,0,0,1890,14730,8
4517,0,0,879,3710,8
4518,1,1,351,10048,8
4519,0,0,1068,10612,8
4520,1,1,1714,18512,8
4521,0,0,1342,7323,8
4522,0,0,2396,17373,8
4523,1,1,2073,15479,8
4524,0,0,1262,2762,8
4525,0,0,1244,5273,8
4526,0,0,1964,12901,8
4527,0,0,364,11752,8
4528,0,0,179,8545,8
4529,0,0,2072,10184,8
4530,0,0,556,786,8
4531,0,0,2540,5174,8
4532,0,0,2160,3790,8
4533,0,0,455,15206,8
4534,0,0,1048,2908,8
4535,0,0,1391,6908,8
4536,0,1,1093,5462,8
4537,0,0,1774,18100,8
4538,0,0,83,6098,8
4539,0,1,1398,4586,8
4540,0,0,503,19975,8
4541,0,0,529,17287,8
4542,0,0,356,9939,8
4543,0,0,1666,6206,8
4544,0,0,2143,10756,8
4545,0,0,457,12007,8
4546,0,0,364,7462,8
4547,1,0,1732,1776,8
4548,0,0,1031,13476,8
4549,0,0,451,12268,8
4550,0,0,1302,10921,8
4551,0,0,874,19662,8
4552,0,0,2117,12633,8
4553,1,1,1035,21947,8
4554,0,0,1480,7113,8
4555,0,0,1794,21393,8
4556,0,0,313,3612,8
4557,0,0,2132,15324,8
4558,0,0,1733,19284,8
4559,0,0,654,4497,8
4560,0,0,1704,18342,8
4561,0,0,1048,21129,8
4562,0,0,2322,7083,8
4563,0,0,1282,10447,8
4564,0,1,2290,8322,8
4565,0,0,1714,85,8
4566,0,0,2071,12818,8
4567,0,0,931,20060,8
4568,0,0,1672,9026,8
4569,0,0,2496,7392,8
4570,0,0,2441,17034,8
4571,0,1,1653,1649,8
4572,0,0,838,10645,8
4573,0,0,1128,17306,8
4574,0,0,822,19011,8
4575,0,0,703,20466,8
4576,0,0,133,14857,8
4577,0,0,2543,4434,8
4578,0,0,1653,1644,8
4579,0,0,1571,10747,8
4580,0,0,1827,8596,8
4581,0,0,588,13411,8
4582,0,0,926,17290,8
4583,0,0,1282,4376,8
4584,0,0,1244,8302,8
4585,0,0,1553,5137,8
4586,0,0,470,14833,8
4587,0,0,2396,16792,8
4588,0,0,1014,1079,8
4589,0,0,264,9664,8
4590,0,0,1178,21566,8
4591,0,0,742,4711,8
4592,0,0,307,8203,8
4593,0,0,145,18955,8
4594,0,0,692,10885,8
4595,0,0,1844,1980,8
4596,0,0,1369,4311,8
4597,0,0,1543,4322,8
4598,0,0,155,9455,8
4599,0,0,2213,20046,8
4600,0,0,1391,20442,8
4601,0,0,2414,15324,8
4602,0,0,2479,14617,8
4603,0,0,926,16715,8
4604,0,0,455,6468,8
4605,0,0,1190,21563,8
4606,0,0,2496,20285,8
4607,0,0,2094,4029,8
4608,0,0,2294,15971,8
4609,0,0,805,2383,8
4610,0,0,131,1641,8
4611,0,0,903,14323,8
4612,0,0,1035,21051,8
4613,0,1,892,21096,8
4614,0,0,950,18905,8
4615,0,0,130,6836,8
4616,0,0,1302,12972,8
4617,0,0,2329,3554,8
4618,0,0,1325,7960,8
4619,0,0,720,21429,8
4620,0,0,585,1280,8
4621,0,0,588,18709,8
4622,0,0,1277,14811,8
4623,0,0,111,7177,8
4624,0,0,1369,15211,8
4625,0,0,1104,9390,8
4626,0,0,585,6930,8
4627,0,0,126,8350,8
4628,0,0,186,8805,8
4629,0,0,711,12164,8
4630,0,0,2234,10835,8
4631,0,0,527,4361,8
4632,0,0,736,14992,8
4633,0,0,1704,16225,8
4634,0,1,1843,4900,8
4635,0,0,130,6845,8
4636,1,0,1081,3143,8
4637,0,0,2219,13104,8
4638,1,1,1298,8455,8
4639,0,1,2154,11211,8
4640,0,0,585,13589,8
4641,0,0,597,11987,8
4642,0,0,2073,1553,8
4643,0,0,2076,18530,8
4644,0,0,955,12753,8
4645,0,0,1499,19965,8
4646,0,0,2239,11828,8
4647,0,0,1287,2077,8
4648,0,0,880,13941,8
4649,0,0,225,107,8
4650,0,0,1031,11459,8
4651,0,0,1803,12601,8
4652,0,0,2479,12696,8
4653,0,0,143,12387,8
4654,0,0,135,15301,8
4655,0,0,1349,1863,8
4656,0,1,74,12632,8
4657,1,1,1014,7028,8
4658,0,0,2515,555,8
4659,0,0,1262,117,8
4660,1,1,2226,8670,8
4661,0,0,926,17289,8
4662,0,0,13,13898,8
4663,0,0,599,8516,8
4664,0,0,2202,2486,8
4665,0,0,399,10810,8
4666,0,0,1014,12266,8
4667,0,0,2459,13444,8
4668,0,0,13,14534,8
4669,0,0,1121,3697,8
4670,1,0,1571,14949,8
4671,0,0,2544,17374,8
4672,0,0,2259,14821,8
4673,0,0,1295,509,8
4674,0,0,1417,16936,8
4675,0,0,1370,15164,8
4676,0,0,1093,16794,8
4677,0,0,871,18873,8
4678,0,0,1655,12360,8
4679,1,1,2255,14015,8
4680,0,0,1035,12916,8
4681,0,0,694,15165,8
4682,0,0,2245,15521,8
4683,0,0,1342,1337,8
4684,0,0,1499,17732,8
4685,0,0,1189,2757,8
4686,0,0,2503,7535,8
4687,0,0,1121,2581,8
4688,0,0,228,4290,8
4689,0,0,2339,16144,8
4690,0,0,1703,3940,8
4691,0,0,328,20143,8
4692,0,0,1777,1790,8
4693,0,0,805,14294,8
4694,0,0,1957,19902,8
4695,0,0,1957,17906,8
4696,0,0,1513,10361,8
4697,0,0,760,1477,8
4698,0,0,919,16639,8
4699,0,0,1789,5744,8
4700,0,0,1024,2702,8
4701,0,0,2409,21104,8
4702,0,0,1624,3045,8
4703,0,0,126,6287,8
4704,0,0,1498,7297,8
4705,1,1,1370,5172,8
4706,1,1,1861,18357,8
4707,0,0,1895,22001,8
4708,0,0,694,13218,8
4709,0,0,752,2617,8
4710,0,0,1562,20022,8
4711,0,0,1011,14051,8
4712,0,0,1957,18173,8
4713,0,0,2017,21674,8
4714,0,0,1777,6411,8
4715,0,0,2334,5364,8
4716,0,0,295,13911,8
4717,0,0,1571,12789,8
4718,0,0,155,5395,8
4719,0,0,2179,17770,8
4720,0,0,558,2763,8
4721,0,0,798,413,8
4722,0,0,2242,7439,8
4723,0,0,1818,20270,8
4724,0,0,2193,3703,8
4725,0,0,1391,5102,8
4726,0,0,2274,10002,8
4727,0,0,1248,19734,8
4728,1,1,329,7314,8
4729,1,1,694,20006,8
4730,0,0,1038,8990,8
4731,0,0,1672,19690,8
4732,0,0,100,15070,8
4733,0,0,829,10852,8
4734,0,0,133,11091,8
4735,0,0,2076,16579,8
4736,0,0,399,22063,8
4737,1,0,2461,13243,8
4738,0,0,1508,14528,8
4739,0,0,1669,11070,8
4740,0,1,1316,12599,8
4741,0,0,2062,2270,8
4742,0,0,853,7686,8
4743,0,0,2479,4646,8
4744,0,0,1034,6617,8
4745,0,0,381,17623,8
4746,0,0,934,15075,8
4747,0,0,1277,4836,8
4748,0,0,2501,15971,8
4749,0,0,1728,11567,8
4750,0,0,395,10311,8
4751,0,0,903,9354,8
4752,0,0,955,10720,8
4753,0,0,1716,18504,8
4754,0,0,1396,573,8
4755,1,1,720,13398,8
4756,0,0,531,14160,8
4757,0,0,1050,21381,8
4758,0,0,818,14847,8
4759,0,0,1195,7458,8
4760,0,0,2156,6588,8
4761,0,0,1031,6123,8
4762,0,0,145,4501,8
4763,0,0,167,13472,8
4764,0,0,1571,14682,8
4765,0,0,760,5156,8
4766,0,0,435,19880,8
4767,0,0,2353,9535,8
4768,0,0,2226,13149,8
4769,0,0,1362,301,8
4770,0,0,2303,3509,8
4771,1,1,133,18758,8
4772,0,0,1897,16042,8
4773,0,0,2515,11799,8
4774,0,0,2515,8528,8
4775,0,0,780,19908,8
4776,0,0,681,56,8
4777,0,0,1198,6884,8
4778,0,0,2201,17198,8
4779,0,0,2449,13423,8
4780,0,0,1919,6453,8
4781,0,0,2234,18749,8
4782,0,0,2290,16362,8
4783,0,0,1190,10707,8
4784,0,0,1477,6614,8
4785,0,0,2324,706,8
4786,0,0,1562,22033,8
4787,0,0,603,20197,8
4788,0,0,1068,16814,8
4789,0,0,1499,14574,8
4790,0,0,971,1464,8
4791,0,0,983,16254,8
4792,0,1,2024,18710,8
4793,0,0,2294,14357,8
4794,0,0,1799,18007,8
4795,0,0,1146,7826,8
4796,0,0,1640,15489,8
4797,0,0,1946,3312,8
4798,1,1,1073,2522,8
4799,0,0,2510,15560,8
4800,0,0,2245,1602,8
4801,0,0,2509,2231,8
4802,1,1,1397,20805,8
4803,0,0,145,12588,8
4804,0,0,1398,2680,8
4805,0,0,1799,17765,8
4806,0,0,1282,13212,8
4807,0,0,1244,385,8
4808,0,0,252,14329,8
4809,0,0,1609,6227,8
4810,0,0,1542,4097,8
4811,0,0,1803,6878,8
4812,0,0,1104,5276,8
4813,0,0,2339,8681,8
4814,0,0,328,181,8
4815,0,0,1128,19143,8
4816,0,0,1311,4806,8
4817,0,0,2303,3510,8
4818,0,0,2304,892,8
4819,1,1,2252,16783,8
4820,0,0,1166,13872,8
4821,0,0,750,21550,8
4822,0,0,330,13536,8
4823,0,0,645,828,8
4824,0,0,1999,9538,8
4825,0,0,983,1342,8
4826,0,0,805,102,8
4827,0,0,2329,13529,8
4828,0,0,1714,16700,8
4829,0,0,2201,13661,8
4830,0,0,715,18355,8
4831,0,0,1583,11970,8
4832,0,0,971,13426,8
4833,0,0,1703,17456,8
4834,0,0,1146,3517,8
4835,0,0,2449,11440,8
4836,0,0,2503,21913,8
4837,0,0,1368,10410,8
4838,1,1,577,19367,8
4839,0,0,893,882,8
4840,0,0,1579,16051,8
4841,0,0,2441,20227,8
4842,0,0,2510,13582,8
4843,0,0,13,12081,8
4844,0,0,1229,18895,8
4845,0,0,503,20588,8
4846,1,1,328,14369,8
4847,0,0,9,486,8
4848,0,1,2359,9878,8
4849,0,0,2544,17451,8
4850,0,0,874,20235,8
4851,0,0,1583,13928,8
4852,0,0,346,6248,8
4853,0,0,1794,20795,8
4854,0,0,1789,16973,8
4855,0,0,780,422,8
4856,0,0,1309,20468,8
4857,0,0,1638,2219,8
4858,1,0,1349,4659,8
4859,0,0,2078,68,8
4860,0,0,398,17096,8
4861,0,0,1672,4988,8
4862,0,0,1001,3517,8
4863,0,0,1799,17798,8
4864,0,0,2125,13531,8
4865,0,0,1166,20353,8
4866,0,0,1236,9650,8
4867,0,0,1104,15343,8
4868,0,0,143,20342,8
4869,0,0,2245,14323,8
4870,0,0,2047,12496,8
4871,0,0,2252,18848,8
4872,0,0,752,2002,8
4873,0,0,435,11131,8
4874,0,0,364,11482,8
4875,0,0,1198,2949,8
4876,0,0,864,13137,8
4877,0,0,2252,11792,8
4878,0,0,2429,17163,8
4879,0,0,221,9173,8
4880,0,1,527,485,8
4881,0,0,356,15084,8
4882,0,0,2481,3603,8
4883,0,0,1146,61,8
4884,0,0,1972,3593,8
4885,0,0,1789,9620,8
4886,0,0,529,17148,8
4887,0,0,1034,19287,8
4888,0,0,2359,125,8
4889,0,0,1543,12368,8
4890,1,0,2496,20574,8
4891,0,0,2124,9580,8
4892,0,0,1583,5941,8
4893,0,0,167,7477,8
4894,0,0,186,3162,8
4895,0,0,2213,4475,8
4896,0,0,1791,18401,8
4897,0,0,1895,1709,8
4898,0,0,907,1831,8
4899,0,0,838,8687,8
4900,0,0,2080,16588,8
4901,0,0,2124,15504,8
4902,0,0,1583,10002,8
4903,0,0,879,15661,8
4904,0,0,694,15166,8
4905,0,0,809,6248,8
4906,0,0,2124,5538,8
4907,0,0,2024,14671,8
4908,0,0,2315,7547,8
4909,0,0,2509,8032,8
4910,0,0,1655,993,8
4911,1,1,81,17194,8
4912,0,0,742,12766,8
4913,0,0,2071,6774,8
4914,0,0,1543,12367,8
4915,0,0,2396,16756,8
4916,0,0,645,12811,8
4917,0,0,167,172,8
4918,0,0,1653,20532,8
4919,0,0,2213,603,8
4920,0,0,2234,13689,8
4921,0,0,399,10643,8
4922,0,0,503,1854,8
4923,0,0,566,17268,8
4924,0,0,2040,11647,8
4925,0,0,703,19991,8
4926,0,0,2515,1831,8
4927,0,0,310,6731,8
4928,1,1,426,14868,8
4929,0,0,295,15892,8
4930,0,0,1706,17399,8
4931,0,0,1571,2689,8
4932,0,0,2183,1032,8
4933,0,0,2193,184,8
4934,0,0,1298,12828,8
4935,0,0,2294,6386,8
4936,0,0,229,4031,8
4937,0,0,2334,10109,8
4938,0,0,2294,14356,8
4939,0,0,584,5042,8
4940,0,0,1732,19409,8
4941,1,1,512,9060,8
4942,0,0,435,7144,8
4943,0,0,2503,44,8
4944,0,0,329,9305,8
4945,0,0,417,13427,8
4946,1,1,1349,12191,8
4947,0,0,1478,4162,8
4948,0,0,1178,19011,8
4949,0,0,2028,5605,8
4950,1,0,1726,16331,8
4951,0,0,1190,2758,8
4952,0,0,1637,13431,8
4953,0,0,1543,8388,8
4954,0,0,1035,14096,8
4955,0,0,2017,20403,8
4956,0,0,723,1687,8
4957,1,1,2028,12891,8
4958,1,0,2446,12305,8
4959,0,0,1237,9055,8
4960,1,0,1508,8617,8
4961,0,0,829,4836,8
4962,0,0,1653,19946,8
4963,0,0,1738,21448,8
4964,0,0,235,14266,8
4965,0,0,2239,16350,8
4966,0,0,2143,20998,8
4967,0,0,2544,18024,8
4968,0,0,81,17115,8
4969,0,0,2193,20802,8
4970,0,0,1637,16353,8
4971,0,0,1825,13686,8
4972,1,1,1391,2976,8
4973,0,0,131,3609,8
4974,0,0,879,19405,8
4975,0,0,1248,16482,8
4976,0,0,1919,5470,8
4977,0,0,1398,6605,8
4978,1,1,346,8304,8
4979,0,0,1477,13333,8
4980,0,0,417,18507,8
4981,0,0,874,20817,8
4982,0,0,1035,18934,8
4983,1,1,1325,10507,8
4984,1,1,880,5986,8
4985,0,0,666,6475,8
4986,0,0,749,1512,8
4987,0,0,711,5659,8
4988,0,0,1349,19977,8
4989,0,0,1957,16936,8
4990,0,0,81,17746,8
4991,0,0,1090,10835,8
4992,0,0,2242,1475,8
4993,0,0,2459,15457,8
4994,0,0,1553,3188,8
4995,1,1,681,20251,8
4996,0,0,2540,9201,8
4997,0,0,33,13395,8
4998,0,0,983,21332,8
4999,0,0,694,9202,8
5000,0,0,809,20573,8
5001,0,0,750,17820,8
5002,1,1,2481,6885,8
5003,0,0,1024,19272,8
5004,0,0,2501,487,8
5005,0,0,736,15821,8
5006,0,0,1927,2944,8
5007,0,0,916,4585,8
5008,1,0,599,19773,8
5009,0,0,496,1978,8
5010,0,1,566,18686,8
5011,0,0,179,7721,8
5012,0,0,1277,10852,8
5013,1,0,711,20541,8
5014,0,0,919,17287,8
5015,0,0,483,15067,8
5016,0,0,2125,13532,8
5017,0,0,2303,13473,8
5018,0,0,2538,14177,8
5019,0,0,1671,1489,8
5020,1,1,672,2944,8
5021,0,0,1165,5668,8
5022,0,0,1733,2498,8
5023,0,0,2544,18103,8
5024,0,0,897,1498,8
5025,0,0,2028,3910,8
5026,0,0,973,2835,8
5027,0,1,2179,18387,8
5028,0,0,2121,12514,8
5029,0,0,1480,1144,8
5030,0,0,1638,16475,8
5031,0,0,1903,18857,8
5032,0,0,633,18608,8
5033,0,0,874,6957,8
5034,0,0,2156,2642,8
5035,0,0,229,7278,8
5036,0,0,2477,4830,8
5037,0,0,2290,1996,8
5038,0,0,399,2713,8
5039,0,0,496,4496,8
5040,0,0,1024,18694,8
5041,0,0,330,21371,8
5042,0,0,2414,11322,8
5043,0,0,1542,15255,8
5044,0,0,2160,9767,8
5045,0,0,2255,15291,8
5046,0,0,1189,4676,8
5047,0,0,2446,10311,8
5048,0,0,2073,10704,8
5049,0,0,2290,11979,8
5050,0,0,398,18047,8
5051,0,0,2276,19006,8
5052,0,0,1552,3186,8
5053,0,1,1839,9064,8
5054,0,0,1396,9158,8
5055,0,0,1885,15939,8
5056,0,0,742,8763,8
5057,0,0,908,4978,8
5058,0,0,829,6860,8
5059,0,0,556,12755,8
5060,0,0,496,21766,8
5061,0,0,1405,10938,8
5062,1,1,130,9890,8
5063,1,0,1542,2536,8
5064,0,0,381,18533,8
5065,0,0,2028,20418,8
5066,0,0,599,21543,8
5067,0,0,1229,16444,8
5068,0,0,130,914,8
5069,0,0,1638,19256,8
5070,0,0,126,4285,8
5071,0,0,2255,8071,8
5072,0,0,1728,18890,8
5073,0,0,780,19611,8
5074,0,0,2334,4079,8
5075,0,0,938,9286,8
5076,0,0,351,2440,8
5077,0,0,2375,5929,8
5078,0,0,1316,8606,8
5079,0,0,669,10472,8
5080,0,0,1210,9302,8
5081,0,0,74,10382,8
5082,0,0,1566,7326,8
5083,0,0,351,5601,8
5084,0,0,1964,1663,8
5085,0,0,1843,21330,8
5086,0,0,1637,16661,8
5087,0,0,1648,19646,8
5088,0,0,2201,7705,8
5089,0,0,2072,9737,8
5090,0,0,1068,18331,8
5091,1,1,1513,1592,8
5092,0,0,1789,9807,8
5093,0,0,1068,16813,8
5094,0,0,750,7967,8
5095,0,0,455,18171,8
5096,0,0,1868,3722,8
5097,0,0,780,12002,8
5098,0,0,603,14225,8
5099,0,0,1034,21590,8
5100,0,0,2096,6909,8
5101,0,0,1732,15701,8
5102,1,1,2183,19859,8
5103,0,0,672,3638,8
5104,0,0,1302,9903,8
5105,0,1,2520,8177,8
5106,0,0,780,421,8
5107,0,0,864,11111,8
5108,0,0,715,1509,8
5109,0,0,1655,8953,8
5110,0,0,627,6746,8
5111,1,1,1083,20644,8
5112,0,0,1232,15894,8
5113,1,1,2503,20051,8
5114,0,1,1317,9408,8
5115,0,0,329,13293,8
5116,0,1,1062,10754,8
5117,0,0,1477,12399,8
5118,0,0,871,20906,8
5119,0,0,1565,1496,8
5120,1,1,2340,3758,8
5121,0,0,931,6450,8
5122,0,0,252,2027,8
5123,0,0,1957,20192,8
5124,0,0,1178,20125,8
5125,0,0,1850,6903,8
5126,0,0,1396,14273,8
5127,0,0,681,1806,8
5128,0,0,2303,13481,8
5129,0,0,2076,16837,8
5130,0,0,681,4619,8
5131,0,0,1370,2566,8
5132,0,0,1073,14421,8
5133,0,0,2040,16059,8
5134,0,0,2040,4109,8
5135,0,0,1839,16909,8
5136,0,0,1609,8507,8
5137,0,0,1325,12552,8
5138,0,0,1093,18098,8
5139,0,0,2062,8261,8
5140,0,0,1999,13979,8
5141,0,0,1566,5439,8
5142,0,0,2296,919,8
5143,0,0,1480,11111,8
5144,0,0,1512,9347,8
5145,1,1,2239,326,8
5146,0,0,1368,19493,8
5147,0,0,788,4935,8
5148,0,0,1349,20309,8
5149,0,0,2543,562,8
5150,0,0,188,12204,8
5151,0,0,1613,4542,8
5152,0,0,81,21451,8
5153,0,0,1583,14183,8
5154,0,1,100,15195,8
5155,0,0,926,18563,8
5156,0,0,818,20443,8
5157,0,0,417,17561,8
5158,0,0,531,4638,8
5159,0,0,229,11249,8
5160,1,1,2441,21373,8
5161,0,0,252,2422,8
5162,0,0,1927,954,8
5163,0,0,920,3245,8
5164,0,0,752,2605,8
5165,0,0,1302,6944,8
5166,0,0,1248,17354,8
5167,0,0,2303,9521,8
5168,0,0,1045,1460,8
5169,0,0,788,4938,8
5170,0,0,1128,19199,8
5171,0,0,1417,16975,8
5172,0,0,2154,9211,8
5173,0,0,381,17033,8
5174,0,0,1481,5518,8
5175,0,0,2156,15572,8
5176,0,0,1784,14395,8
5177,0,0,1180,3938,8
5178,0,0,1048,4830,8
5179,0,0,2296,4371,8
5180,0,0,1178,18443,8
5181,0,0,588,10659,8
5182,0,0,1640,19383,8
5183,0,0,907,5822,8
5184,0,0,2449,12097,8
5185,0,0,749,3518,8
5186,0,0,1034,1473,8
5187,0,0,1927,4854,8
5188,0,0,1342,15294,8
5189,0,0,1850,17192,8
5190,0,0,1045,1474,8
5191,0,1,2324,20693,8
5192,0,0,1232,8601,8
5193,0,0,594,9347,8
5194,0,0,874,15604,8
5195,0,0,950,2019,8
5196,0,0,1730,89,8
5197,0,0,1861,16323,8
5198,0,0,395,22043,8
5199,0,0,1741,8735,8
5200,0,0,1301,7289,8
5201,0,0,1703,17455,8
5202,0,0,452,17554,8
5203,0,0,2409,18838,8
5204,0,0,1777,11761,8
5205,0,0,1221,4225,8
5206,1,0,1038,10981,8
5207,0,0,1784,8486,8
5208,0,0,585,19031,8
5209,0,0,330,13535,8
5210,0,0,2304,10807,8
5211,1,1,908,13023,8
5212,0,0,1868,17159,8
5213,0,0,1277,939,8
5214,0,0,9,1143,8
5215,0,0,426,1282,8
5216,1,1,1716,17396,8
5217,0,0,2286,14955,8
5218,0,0,2017,17691,8
5219,0,0,2124,11561,8
5220,0,0,2183,1042,8
5221,0,0,1562,2203,8
5222,0,0,1851,3369,8
5223,0,0,2141,1401,8
5224,0,0,2305,12563,8
5225,0,0,135,21482,8
5226,0,0,2339,21656,8
5227,0,0,1048,8891,8
5228,0,0,1189,6701,8
5229,0,0,2236,12255,8
5230,0,0,973,6766,8
5231,0,0,143,18823,8
5232,0,0,1262,6703,8
5233,0,0,1481,1766,8
5234,0,0,2255,12464,8
5235,0,0,2509,14612,8
5236,0,0,1742,15521,8
5237,0,1,1011,13413,8
5238,0,0,356,9139,8
5239,0,0,916,2956,8
5240,0,0,781,17612,8
5241,0,0,2540,19896,8
5242,0,0,874,2597,8
5243,0,1,1613,17218,8
5244,0,0,1583,8249,8
5245,0,0,1579,13468,8
5246,1,1,1895,7660,8
5247,1,1,1738,20132,8
5248,0,0,1562,14117,8
5249,0,0,1391,7116,8
5250,0,0,317,950,8
5251,0,0,1726,18318,8
5252,0,0,880,3982,8
5253,0,0,328,3694,8
5254,0,0,111,21789,8
5255,0,0,2461,20190,8
5256,0,0,584,2558,8
5257,0,0,1481,12072,8
5258,0,0,2186,20532,8
5259,0,0,2186,5589,8
5260,0,0,531,8697,8
5261,0,0,880,10119,8
5262,0,0,1189,8739,8
5263,1,0,457,19711,8
5264,0,0,2327,6481,8
5265,0,0,1362,17664,8
5266,0,0,2186,1649,8
5267,0,0,838,6640,8
5268,0,0,2094,10822,8
5269,1,1,2078,3894,8
5270,0,0,1049,11515,8
5271,0,0,2538,6192,8
5272,0,0,1210,9304,8
5273,0,0,1508,646,8
5274,0,0,351,12891,8
5275,1,0,950,19173,8
5276,0,0,2156,10570,8
5277,0,0,295,12600,8
5278,0,0,599,552,8
5279,0,0,2201,1727,8
5280,0,0,1843,14853,8
5281,0,0,1666,1992,8
5282,0,0,1104,14037,8
5283,0,0,2242,19928,8
5284,0,0,179,12525,8
5285,0,0,2229,10791,8
5286,0,0,938,14008,8
5287,0,0,2381,15428,8
5288,0,0,1011,14048,8
5289,0,0,1703,10316,8
5290,0,0,1553,15119,8
5291,0,0,871,21316,8
5292,0,0,1349,19679,8
5293,0,0,645,12812,8
5294,0,0,295,9988,8
5295,0,0,1671,9516,8
5296,0,0,1180,3939,8
5297,0,0,666,2526,8
5298,0,0,1512,1354,8
5299,0,0,1166,3901,8
5300,0,0,395,8335,8
5301,0,0,2329,14312,8
5302,0,0,2024,799,8
5303,1,1,330,1599,8
5304,0,0,711,8647,8
5305,0,0,1311,12862,8
5306,0,0,1885,11991,8
5307,0,0,1717,17226,8
5308,0,0,2501,4363,8
5309,0,0,1417,16732,8
5310,0,0,1362,18484,8
5311,0,0,1927,951,8
5312,0,0,971,7436,8
5313,0,0,2143,21695,8
5314,0,0,955,6721,8
5315,0,0,1498,1301,8
5316,0,0,929,12098,8
5317,0,0,893,11800,8
5318,0,0,1121,7697,8
5319,0,0,2286,6045,8
5320,0,0,2459,1907,8
5321,0,0,235,17051,8
5322,0,0,934,13149,8
5323,1,0,871,20574,8
5324,1,0,853,6747,8
5325,0,0,720,11407,8
5326,0,0,1640,11548,8
5327,0,0,1834,18463,8
5328,0,0,1806,7161,8
5329,0,0,2179,16858,8
5330,0,0,2322,7082,8
5331,0,0,1637,17247,8
5332,0,0,788,20677,8
5333,0,0,145,10615,8
5334,1,1,1229,5842,8
5335,0,0,2375,4506,8
5336,0,0,1031,10129,8
5337,0,0,2073,5749,8
5338,0,0,126,2362,8
5339,0,0,81,16844,8
5340,1,1,950,15942,8
5341,0,1,1799,297,8
5342,0,0,1232,6538,8
5343,0,0,1513,2146,8
5344,0,0,1166,2495,8
5345,0,0,74,2656,8
5346,0,1,934,13148,8
5347,1,1,1624,5013,8
5348,0,0,1741,10701,8
5349,0,0,1730,18703,8
5350,1,1,1195,5364,8
5351,0,0,703,14733,8
5352,0,0,2089,4588,8
5353,0,0,1728,9588,8
5354,0,0,788,18156,8
5355,1,1,1703,17701,8
5356,0,0,864,13845,8
5357,0,0,594,11306,8
5358,0,0,1648,17935,8
5359,0,0,1034,21838,8
5360,0,0,742,10727,8
5361,0,0,1499,21803,8
5362,0,0,229,3282,8
5363,0,0,1186,5632,8
5364,0,0,1784,2493,8
5365,0,0,805,2384,8
5366,0,0,179,9792,8
5367,0,0,1714,9336,8
5368,0,0,1237,3045,8
5369,0,0,2040,15906,8
5370,0,0,584,9591,8
5371,0,0,2409,6851,8
5372,1,1,1789,11778,8
5373,0,0,1325,19703,8
5374,0,0,1369,8378,8
5375,0,0,2071,14726,8
5376,0,0,1716,9715,8
5377,0,0,1244,14215,8
5378,0,0,636,15101,8
5379,0,0,1014,7029,8
5380,0,0,1224,6031,8
5381,0,0,2094,5431,8
5382,0,0,2234,16247,8
5383,0,0,2543,10488,8
5384,1,0,2047,2524,8
5385,0,0,797,5975,8
5386,0,0,435,16340,8
5387,0,0,934,3169,8
5388,0,0,1062,9063,8
5389,0,0,145,21551,8
5390,0,0,2017,16562,8
5391,0,0,1890,19573,8
5392,0,0,1704,18052,8
5393,0,0,1624,6982,8
5394,0,0,874,18827,8
5395,0,0,217,21980,8
5396,0,0,2440,11390,8
5397,0,0,1011,12098,8
5398,0,0,1579,6079,8
5399,0,0,25,1038,8
5400,0,0,1031,7498,8
5401,0,0,66,7661,8
5402,0,0,2353,7493,8
5403,0,0,1362,17701,8
5404,0,0,1669,5082,8
5405,0,0,1726,16332,8
5406,0,0,1671,15424,8
5407,0,0,1477,8420,8
5408,0,0,1477,10626,8
5409,0,0,2259,16005,8
5410,0,0,2239,8956,8
5411,0,0,1732,15697,8
5412,0,0,1972,15541,8
5413,0,0,1024,8676,8
5414,0,0,1742,14323,8
5415,1,1,25,6984,8
5416,0,0,235,16489,8
5417,0,0,66,3670,8
5418,0,0,205,6572,8
5419,0,0,798,4353,8
5420,0,0,1146,19015,8
5421,0,0,1210,9305,8
5422,0,0,1919,8507,8
5423,0,0,2124,20808,8
5424,1,0,1972,11591,8
5425,0,1,1671,20794,8
5426,0,0,822,20429,8
5427,0,0,99,10546,8
5428,0,0,99,6551,8
5429,0,0,2226,20241,8
5430,0,0,2160,13761,8
5431,0,0,452,16093,8
5432,0,0,2096,3822,8
5433,0,0,1791,16560,8
5434,0,0,2492,12561,8
5435,1,1,654,14489,8
5436,0,0,973,19569,8
5437,0,0,1512,12069,8
5438,0,0,1818,1904,8
5439,0,0,2290,12302,8
5440,0,0,603,2320,8
5441,0,0,809,14224,8
5442,0,0,2329,9572,8
5443,0,0,2353,1522,8
5444,1,1,1396,2438,8
5445,0,0,57,8071,8
5446,0,0,1742,5555,8
5447,0,0,2315,21153,8
5448,0,0,1732,5719,8
5449,0,0,452,17556,8
5450,1,1,2510,11625,8
5451,0,0,907,10805,8
5452,0,0,1198,955,8
5453,0,0,2276,8757,8
5454,1,1,2017,16793,8
5455,0,0,217,9332,8
5456,1,0,2080,20626,8
5457,0,0,2219,15035,8
5458,0,0,1806,15107,8
5459,0,0,2340,20832,8
5460,0,1,853,768,8
5461,0,0,252,14321,8
5462,0,0,920,1266,8
5463,0,0,1128,16938,8
5464,0,0,179,7722,8
5465,0,0,202,8353,8
5466,0,0,1957,17853,8
5467,1,1,1571,6998,8
5468,0,0,452,18037,8
5469,0,1,2242,21989,8
5470,0,0,715,6870,8
5471,0,0,2242,11417,8
5472,0,0,1717,16986,8
5473,0,0,760,3466,8
5474,0,0,2193,20823,8
5475,0,0,2143,4735,8
5476,0,0,1295,20642,8
5477,0,0,760,12097,8
5478,0,0,1397,19113,8
5479,0,0,346,8305,8
5480,0,0,584,4868,8
5481,0,0,1784,12468,8
5482,0,0,1398,682,8
5483,0,0,1508,12614,8
5484,0,0,25,1037,8
5485,0,0,1565,21427,8
5486,0,0,2515,3906,8
5487,0,0,1311,4793,8
5488,0,1,838,715,8
5489,0,0,1207,16469,8
5490,0,0,2540,13219,8
5491,0,0,2296,21820,8
5492,0,0,2509,16140,8
5493,0,0,313,3614,8
5494,0,0,1553,1196,8
5495,0,0,1073,12499,8
5496,0,0,1301,7291,8
5497,0,0,1704,17721,8
5498,0,0,2409,7718,8
5499,0,0,1362,17456,8
5500,0,0,955,14303,8
5501,0,0,131,7611,8
5502,0,0,2294,4363,8
5503,0,0,2479,12266,8
5504,0,0,2276,4705,8
5505,0,0,1613,17468,8
5506,0,0,2441,11889,8
5507,0,0,1552,13174,8
5508,0,0,2078,3933,8
5509,0,0,633,9968,8
5510,0,0,1799,18287,8
5511,0,0,1081,1123,8
5512,0,0,2536,498,8
5513,0,0,1001,14599,8
5514,0,0,2375,12599,8
5515,1,0,1081,5076,8
5516,0,0,2296,14373,8
5517,0,0,2154,8712,8
5518,0,0,829,14811,8
5519,0,0,1035,14857,8
5520,0,0,2245,3568,8
5521,0,0,2078,2716,8
5522,0,0,1624,3839,8
5523,0,0,1624,10969,8
5524,0,0,205,20660,8
5525,1,1,205,10517,8
5526,0,0,2193,12597,8
5527,0,1,1277,1880,8
5528,0,0,2441,11621,8
5529,0,0,2381,13440,8
5530,0,0,2538,335,8
5531,0,0,597,8337,8
5532,0,0,329,13292,8
5533,0,0,1742,1602,8
5534,0,0,2296,8888,8
5535,0,0,1317,15355,8
5536,0,0,2501,8443,8
5537,0,0,1927,4855,8
5538,0,0,2154,3231,8
5539,0,0,934,7128,8
5540,0,1,1180,4537,8
5541,1,1,1903,10674,8
5542,0,0,906,14049,8
5543,0,0,2234,8315,8
5544,0,0,2414,21733,8
5545,0,0,1398,10616,8
5546,0,0,225,6587,8
5547,0,0,920,3250,8
5548,1,1,529,17879,8
5549,0,0,2315,10053,8
5550,0,0,1982,2213,8
5551,0,0,496,12592,8
5552,0,0,1073,10475,8
5553,0,0,1195,5368,8
5554,0,0,788,10948,8
5555,1,1,307,10209,8
5556,0,0,1481,16961,8
5557,0,0,1803,4853,8
5558,0,0,265,15459,8
5559,0,0,1850,18454,8
5560,0,0,426,6936,8
5561,0,0,1090,18749,8
5562,0,0,2276,8756,8
5563,1,1,1732,5720,8
5564,1,1,2141,11048,8
5565,0,0,1851,9386,8
5566,1,1,2121,4432,8
5567,0,0,983,6991,8
5568,0,0,155,4087,8
5569,0,1,179,6482,8
5570,1,1,1609,2509,8
5571,0,0,760,5418,8
5572,0,0,2219,11091,8
5573,0,0,1669,15680,8
5574,0,0,417,18200,8
5575,0,0,2219,6846,8
5576,0,0,929,6712,8
5577,0,0,916,12922,8
5578,0,0,1552,3187,8
5579,0,0,1024,2236,8
5580,0,0,2396,5462,8
5581,0,0,2253,20524,8
5582,0,0,2324,684,8
5583,0,0,398,18344,8
5584,0,1,1525,14455,8
5585,0,0,328,964,8
5586,0,0,1566,14978,8
5587,1,1,398,16514,8
5588,0,0,2324,3354,8
5589,0,0,1844,13544,8
5590,0,0,99,10545,8
5591,0,0,135,21353,8
5592,0,0,1861,6115,8
5593,0,0,1178,820,8
5594,0,0,1398,8651,8
5595,0,0,971,11431,8
5596,0,0,2449,5156,8
5597,0,0,1316,5929,8
5598,0,0,1726,17517,8
5599,0,0,1325,591,8
5600,1,1,1385,17536,8
5601,0,0,451,11980,8
5602,0,0,1525,8562,8
5603,0,0,919,17701,8
5604,0,0,1732,5721,8
5605,0,0,919,14383,8
5606,0,0,838,21629,8
5607,0,0,1317,9405,8
5608,1,0,1999,3256,8
5609,0,0,2440,15374,8
5610,0,0,457,5974,8
5611,0,0,2461,2053,8
5612,0,0,1895,9684,8
5613,0,0,2477,21573,8
5614,0,0,2481,179,8
5615,0,0,1713,16211,8
5616,1,1,1405,14894,8
5617,0,0,1621,17885,8
5618,0,0,252,459,8
5619,0,0,1964,8892,8
5620,0,0,1011,16042,8
5621,0,0,695,5920,8
5622,0,0,903,15527,8
5623,0,0,1499,19914,8
5624,0,0,1648,17546,8
5625,0,0,2339,8676,8
5626,0,0,1868,20818,8
5627,0,0,1282,11195,8
5628,0,0,330,5550,8
5629,1,0,2183,10973,8
5630,0,0,2538,14178,8
5631,0,0,2459,13451,8
5632,0,0,666,20361,8
5633,0,0,2492,5544,8
5634,0,0,364,1516,8
5635,0,0,395,12305,8
5636,0,0,1774,16275,8
5637,0,0,818,6917,8
5638,0,0,1221,8096,8
5639,1,1,1777,3750,8
5640,0,0,1774,17453,8
5641,0,0,1498,3292,8
5642,0,0,1784,6430,8
5643,0,0,512,9016,8
5644,0,0,1083,2328,8
5645,1,1,1885,2010,8
5646,0,0,417,2819,8
5647,0,0,2047,6459,8
5648,0,0,1703,17664,8
5649,0,0,2501,484,8
5650,0,0,1839,17506,8
5651,0,0,1498,18777,8
5652,0,0,1726,18861,8
5653,0,0,1666,14189,8
5654,0,0,1121,11697,8
5655,0,0,603,19358,8
5656,0,0,1543,4323,8
5657,0,0,1342,9322,8
5658,0,0,512,1899,8
5659,0,0,749,20579,8
5660,0,0,2359,4790,8
5661,0,0,252,8025,8
5662,0,0,1481,15680,8
5663,0,0,645,8801,8
5664,0,0,476,12694,8
5665,0,0,1248,17067,8
5666,0,0,1999,7535,8
5667,0,0,1888,8826,8
5668,0,0,356,11128,8
5669,0,0,1513,1591,8
5670,0,0,2089,20749,8
5671,0,0,2234,7955,8
5672,0,0,778,16388,8
5673,0,0,2096,16601,8
5674,0,0,2296,4824,8
5675,0,0,1090,21189,8
5676,0,0,33,19936,8
5677,0,0,929,16040,8
5678,0,0,1818,11875,8
5679,0,0,645,831,8
5680,0,0,1478,12072,8
5681,0,0,1850,18360,8
5682,0,0,452,19730,8
5683,0,0,715,11900,8
5684,0,0,1806,13812,8
5685,1,1,2409,11714,8
5686,0,0,893,10805,8
5687,0,0,2089,10622,8
5688,0,0,1982,21168,8
5689,0,0,1244,20920,8
5690,0,0,749,1521,8
5691,0,0,100,17359,8
5692,0,0,1198,6883,8
5693,0,0,1368,475,8
5694,0,0,1583,15144,8
5695,0,0,1207,16713,8
5696,1,1,2236,3629,8
5697,0,0,1062,14644,8
5698,0,0,2080,17367,8
5699,0,0,1553,15118,8
5700,0,0,2294,8443,8
5701,0,0,1397,9561,8
5702,0,0,217,984,8
5703,1,1,1742,15527,8
5704,0,0,1982,14129,8
5705,0,0,1224,15994,8
5706,0,0,585,4912,8
5707,1,0,399,8684,8
5708,0,0,2253,11223,8
5709,0,0,760,11440,8
5710,0,0,1024,16142,8
5711,0,0,745,7077,8
5712,0,0,100,7120,8
5713,0,0,143,5631,8
5714,0,0,2062,14182,8
5715,0,1,317,1082,8
5716,0,0,1405,21423,8
5717,0,0,1034,3171,8
5718,0,0,720,13397,8
5719,0,0,1090,184,8
5720,0,0,745,1838,8
5721,0,0,907,7594,8
5722,0,0,2078,2474,8
5723,0,0,695,2561,8
5724,0,0,1316,3934,8
5725,0,0,2538,2280,8
5726,0,0,906,5427,8
5727,0,0,1888,8764,8
5728,0,0,1803,16118,8
5729,0,0,1562,16107,8
5730,0,0,1237,14980,8
5731,0,0,317,10848,8
5732,0,0,955,12755,8
5733,0,0,143,20349,8
5734,0,0,864,7113,8
5735,0,0,1671,15425,8
5736,0,0,426,996,8
5737,0,0,1525,6502,8
5738,0,0,1831,8416,8
5739,0,0,2510,9642,8
5740,1,0,2121,6476,8
5741,0,0,2096,9902,8
5742,0,0,1609,14414,8
5743,0,0,597,2344,8
5744,0,0,749,11485,8
5745,0,0,692,3431,8
5746,0,0,2520,84,8
5747,0,0,205,6566,8
5748,0,0,2449,3470,8
5749,0,0,74,2661,8
5750,0,0,1754,6671,8
5751,0,0,1638,4611,8
5752,0,0,1207,14383,8
5753,0,0,2076,18390,8
5754,0,1,228,10391,8
5755,0,0,1672,1895,8
5756,0,0,2327,7846,8
5757,0,0,2481,1635,8
5758,0,0,781,21241,8
5759,0,0,1844,20528,8
5760,0,0,310,2805,8
5761,0,0,1262,8740,8
5762,0,0,225,4550,8
5763,1,1,1791,19538,8
5764,0,0,934,19611,8
5765,0,0,426,4914,8
5766,0,0,720,1451,8
5767,0,0,1237,4955,8
5768,0,0,99,4525,8
5769,0,0,252,452,8
5770,0,0,1232,620,8
5771,0,0,2290,8324,8
5772,0,0,556,12754,8
5773,0,0,1014,14983,8
5774,0,0,1803,2941,8
5775,1,1,1198,14823,8
5776,0,0,1609,10471,8
5777,1,1,2253,11265,8
5778,1,1,455,19347,8
5779,0,0,2477,6906,8
5780,0,0,2396,17996,8
5781,0,0,720,19371,8
5782,0,0,1669,19193,8
5783,0,0,143,7724,8
5784,0,0,2339,4607,8
5785,0,0,1011,2111,8
5786,0,0,2242,11429,8
5787,1,1,2501,4362,8
5788,0,0,1827,2584,8
5789,0,0,1481,5881,8
5790,0,0,1480,11892,8
5791,0,0,720,21218,8
5792,0,0,1316,5930,8
5793,0,0,2253,14146,8
5794,0,0,395,2014,8
5795,0,0,2186,5594,8
5796,0,0,2226,87,8
5797,1,1,2381,3482,8
5798,0,0,769,467,8
5799,0,0,1861,16539,8
5800,1,1,2276,12760,8
5801,0,0,973,836,8
5802,0,0,1385,17862,8
5803,0,0,769,2439,8
5804,0,0,531,730,8
5805,0,0,1957,16665,8
5806,1,1,1728,12125,8
5807,0,0,584,15529,8
5808,1,1,2076,18297,8
5809,0,0,2047,12501,8
5810,0,0,2409,11713,8
5811,1,0,1525,12543,8
5812,0,0,1050,7889,8
5813,0,0,1806,16319,8
5814,0,0,1210,14012,8
5815,0,0,1655,14863,8
5816,0,0,1262,4680,8
5817,0,0,950,20574,8
5818,0,0,529,19687,8
5819,1,1,692,18704,8
5820,0,0,451,17056,8
5821,0,0,822,16598,8
5822,0,0,599,10481,8
5823,0,0,457,10026,8
5824,0,0,265,3518,8
5825,0,0,1713,18828,8
5826,0,0,1839,2816,8
5827,0,0,2305,6512,8
5828,0,0,1868,3670,8
5829,0,0,2253,13492,8
5830,0,0,221,21359,8
5831,0,0,455,1616,8
5832,0,0,2080,17175,8
5833,0,0,1789,18845,8
5834,0,0,1741,2751,8
5835,0,0,1640,15488,8
5836,1,1,1964,14803,8
5837,0,0,381,20562,8
5838,0,0,1128,1290,8
5839,0,0,329,1696,8
5840,0,0,1648,18549,8
5841,0,0,893,11610,8
5842,0,0,1398,10620,8
5843,0,0,265,1508,8
5844,0,0,135,14001,8
5845,0,0,2339,2704,8
5846,1,1,919,17371,8
5847,0,0,317,12210,8
5848,0,0,2304,2888,8
5849,1,1,2536,12333,8
5850,0,0,1309,11167,8
5851,0,0,818,8933,8
5852,0,0,399,14599,8
5853,0,0,769,12403,8
5854,0,1,2544,18025,8
5855,0,0,920,47,8
5856,0,0,2449,5419,8
5857,0,0,2510,3615,8
5858,0,0,2359,20857,8
5859,0,0,919,6898,8
5860,0,0,221,1419,8
5861,0,0,897,9510,8
5862,0,0,566,16687,8
5863,0,0,2183,3839,8
5864,1,1,99,4520,8
5865,0,0,2124,15501,8
5866,0,0,711,4518,8
5867,0,0,1655,10909,8
5868,0,0,1825,14124,8
5869,0,0,1669,18,8
5870,0,0,780,11057,8
5871,0,0,805,4311,8
5872,0,0,2080,16297,8
5873,0,0,2322,8451,8
5874,0,0,603,2325,8
5875,0,0,2538,8245,8
5876,0,0,864,8805,8
5877,0,0,66,13626,8
5878,1,1,1972,3590,8
5879,0,0,1621,18546,8
5880,0,0,313,13582,8
5881,0,0,1165,20004,8
5882,0,0,2245,9355,8
5883,0,0,307,7392,8
5884,0,0,2076,16582,8
5885,0,1,1806,16932,8
5886,0,0,703,21392,8
5887,0,0,1927,12915,8
5888,0,0,1624,18961,8
5889,0,0,1049,11954,8
5890,0,0,1999,11541,8
5891,0,0,588,3389,8
5892,0,0,1224,12059,8
5893,0,0,179,6621,8
5894,0,0,703,16267,8
5895,0,0,2544,16195,8
5896,0,0,1553,9161,8
5897,0,0,1083,12456,8
5898,0,0,780,11213,8
5899,0,0,1187,9513,8
5900,0,0,603,21482,8
5901,0,0,328,7434,8
5902,0,0,822,18443,8
5903,0,0,133,14349,8
5904,0,1,381,320,8
5905,1,1,781,17483,8
5906,0,0,1621,16996,8
5907,0,0,1187,9523,8
5908,0,0,760,3470,8
5909,0,0,1298,15896,8
5910,0,0,1827,2582,8
5911,0,0,2076,282,8
5912,0,0,1844,7564,8
5913,0,0,31,6573,8
5914,0,0,1982,6140,8
5915,0,0,2503,496,8
5916,0,0,908,1025,8
5917,1,1,2156,14545,8
5918,0,0,99,14511,8
5919,0,0,636,20179,8
5920,0,0,1964,12743,8
5921,0,0,2245,14074,8
5922,0,0,853,2826,8
5923,0,0,2236,7634,8
5924,0,0,1706,16516,8
5925,0,0,1706,17094,8
5926,0,0,1827,12586,8
5927,0,0,2253,1302,8
5928,1,1,1210,1324,8
5929,0,1,1825,15665,8
5930,0,0,797,7570,8
5931,0,0,2429,401,8
5932,0,0,1525,12552,8
5933,0,0,1229,1628,8
5934,0,0,1316,13913,8
5935,0,1,1741,17502,8
5936,0,0,1282,2479,8
5937,0,0,558,12108,8
5938,0,0,264,20702,8
5939,0,0,2094,10473,8
5940,0,0,903,1604,8
5941,0,0,2143,12803,8
5942,0,0,1014,9061,8
5943,1,0,1508,645,8
5944,0,0,1368,12580,8
5945,0,0,822,2818,8
5946,0,0,2213,12569,8
5947,0,0,2334,1427,8
5948,0,0,2156,2644,8
5949,0,0,2094,2269,8
5950,0,1,145,15891,8
5951,0,0,455,17189,8
5952,0,0,1248,12301,8
5953,0,0,25,12,8
5954,0,0,1038,2475,8
5955,0,0,1093,16494,8
5956,0,0,2485,11383,8
5957,0,0,1733,17687,8
5958,0,0,1972,1613,8
5959,0,0,2274,1993,8
5960,0,0,1543,5339,8
5961,0,0,1839,2815,8
5962,0,0,633,5320,8
5963,0,0,135,160,8
5964,0,0,2072,82,8
5965,0,0,1295,13213,8
5966,0,0,1791,17450,8
5967,0,0,853,18601,8
5968,0,0,2276,14665,8
5969,0,0,1552,22,8
5970,0,0,1093,17690,8
5971,0,0,155,1147,8
5972,0,0,1579,2119,8
5973,0,0,983,6968,8
5974,0,0,13,7532,8
5975,1,1,1713,21093,8
5976,0,0,1031,5437,8
5977,0,0,805,8381,8
5978,0,0,1210,21479,8
5979,0,0,398,18048,8
5980,0,0,2150,2731,8
5981,0,0,2510,3609,8
5982,0,0,1571,8780,8
5983,0,0,1777,19260,8
5984,0,0,2154,10924,8
5985,0,0,470,2958,8
5986,0,0,1741,6693,8
5987,0,0,381,14412,8
5988,0,0,2132,1370,8
5989,0,0,1730,21690,8
5990,0,0,1730,4201,8
5991,0,0,313,9642,8
5992,0,0,1621,1545,8
5993,0,0,2078,15142,8
5994,0,0,1730,6699,8
5995,0,0,916,21012,8
5996,0,0,1713,18038,8
5997,0,0,83,10151,8
5998,0,0,798,14207,8
5999,0,0,1552,13171,8
6000,0,0,1325,2551,8
6001,0,0,1166,12468,8
6002,0,0,654,6535,8
6003,0,0,1207,18562,8
6004,0,0,742,8764,8
6005,0,0,1093,17373,8
6006,0,0,2459,11483,8
6007,1,1,446,5774,8
6008,0,0,694,1244,8
6009,0,1,2125,16072,8
6010,0,1,1236,7615,8
6011,0,0,769,4343,8
6012,0,0,1726,17845,8
6013,0,0,2141,20454,8
6014,1,1,1121,14109,8
6015,0,0,1195,1427,8
6016,0,0,476,21105,8
6017,0,0,1552,1193,8
6018,0,0,1499,17731,8
6019,0,0,1791,16870,8
6020,0,0,133,21540,8
6021,0,0,531,10666,8
6022,0,0,1818,9914,8
6023,0,0,2028,740,8
6024,0,0,1081,20458,8
6025,0,0,2125,5554,8
6026,0,0,307,12195,8
6027,0,0,926,19424,8
6028,0,0,1287,16458,8
6029,0,0,313,9640,8
6030,0,0,703,17555,8
6031,0,0,2150,1746,8
6032,0,0,1309,7750,8
6033,0,0,205,752,8
6034,0,0,1417,18215,8
6035,0,0,145,6538,8
6036,1,1,594,20843,8
6037,0,0,2515,9967,8
6038,0,0,2459,5467,8
6039,0,0,809,14213,8
6040,0,0,2147,6250,8
6041,0,0,2141,1090,8
6042,0,0,1666,8263,8
6043,0,0,1282,6408,8
6044,0,0,1513,21525,8
6045,0,0,2305,8576,8
6046,0,0,1498,19908,8
6047,0,0,2147,14227,8
6048,0,0,2073,6218,8
6049,0,0,983,8993,8
6050,0,0,603,15224,8
6051,0,0,1146,21696,8
6052,0,0,2076,86,8
6053,0,0,818,2982,8
6054,0,0,2327,10203,8
6055,0,0,1543,8389,8
6056,0,0,1730,4670,8
6057,0,0,1553,5138,8
6058,0,0,155,13401,8
6059,0,0,1733,532,8
6060,1,1,818,979,8
6061,0,0,2245,19943,8
6062,0,1,805,8377,8
6063,0,1,585,14867,8
6064,1,1,2080,16295,8
6065,0,0,892,10446,8
6066,0,0,738,17358,8
6067,0,0,2219,6047,8
6068,0,0,1672,21024,8
6069,0,0,1081,3142,8
6070,0,0,1621,21367,8
6071,0,0,217,20731,8
6072,0,0,1190,2757,8
6073,0,0,457,12005,8
6074,0,0,2202,17576,8
6075,0,0,1803,6873,8
6076,0,0,809,10290,8
6077,0,0,669,10471,8
6078,0,0,893,15779,8
6079,0,0,346,14224,8
6080,0,0,2543,571,8
6081,0,0,265,11777,8
6082,0,0,2028,5603,8
6083,0,0,636,1187,8
6084,0,0,2234,16169,8
6085,0,0,908,3047,8
6086,0,0,2544,17450,8
6087,0,0,2477,17116,8
6088,0,0,1890,19837,8
6089,0,0,317,4307,8
6090,1,0,1713,17122,8
6091,0,0,99,6549,8
6092,0,0,1999,13492,8
6093,1,0,1262,20118,8
6094,0,0,627,14694,8
6095,0,0,1728,20529,8
6096,0,0,926,5614,8
6097,0,0,1868,13623,8
6098,0,1,1851,7385,8
6099,0,1,1562,12169,8
6100,0,0,202,355,8
6101,0,0,2327,20256,8
6102,0,0,2072,2204,8
6103,0,0,2414,165,8
6104,0,0,310,798,8
6105,0,0,2327,14226,8
6106,0,0,2089,19810,8
6107,0,0,2510,3613,8
6108,0,0,1048,12896,8
6109,0,0,1621,16736,8
6110,0,0,470,2960,8
6111,0,0,1038,21829,8
6112,0,0,1186,15192,8
6113,0,0,2540,13991,8
6114,0,0,1210,1323,8
6115,0,0,1831,14695,8
6116,0,0,1090,16229,8
6117,0,0,597,99,8
6118,0,0,2340,16127,8
6119,0,0,1045,15409,8
6120,0,0,1165,7694,8
6121,0,0,1742,16989,8
6122,0,0,1669,6873,8
6123,0,0,1237,21023,8
6124,0,0,669,8507,8
6125,0,0,1542,8355,8
6126,0,0,1839,5349,8
6127,0,0,1508,14531,8
6128,0,0,2132,1375,8
6129,0,0,83,2144,8
6130,0,0,627,20714,8
6131,0,1,503,10206,8
6132,0,0,1861,11148,8
6133,0,0,186,1145,8
6134,1,0,2461,7240,8
6135,0,0,1229,9013,8
6136,0,0,381,10132,8
6137,0,0,2040,1550,8
6138,0,0,1385,21286,8
6139,0,0,395,8337,8
6140,0,0,1207,17287,8
6141,0,0,1189,14645,8
6142,0,0,1927,2949,8
6143,0,0,2481,21088,8
6144,1,0,126,21663,8
6145,0,0,874,20234,8
6146,0,0,99,635,8
6147,0,0,2179,7121,8
6148,0,0,1714,17232,8
6149,0,0,1655,21083,8
6150,0,0,1851,168,8
6151,0,0,457,3976,8
6152,0,0,1221,6064,8
6153,0,0,809,3960,8
6154,0,0,2239,18936,8
6155,0,0,221,11390,8
6156,0,0,1477,6350,8
6157,0,0,1187,8657,8
6158,0,0,252,460,8
6159,0,0,1714,16688,8
6160,0,0,395,6261,8
6161,0,0,2160,15758,8
6162,1,1,1508,19514,8
6163,0,0,2544,5709,8
6164,0,0,745,11202,8
6165,0,0,100,15194,8
6166,0,0,483,19319,8
6167,0,0,1613,18743,8
6168,0,0,1732,11753,8
6169,0,0,2117,6582,8
6170,0,0,558,12176,8
6171,0,0,1081,11081,8
6172,0,0,2294,6388,8
6173,0,0,2510,5589,8
6174,0,0,973,837,8
6175,0,0,2213,5920,8
6176,0,1,1566,12833,8
6177,0,0,1317,11368,8
6178,1,1,1207,6898,8
6179,0,0,723,1690,8
6180,0,0,476,13403,8
6181,0,0,669,12487,8
6182,0,0,2520,4163,8
6183,0,0,188,17020,8
6184,0,0,627,10751,8
6185,0,0,1512,11306,8
6186,0,0,2477,929,8
6187,0,0,1045,19375,8
6188,0,0,1789,18846,8
6189,0,0,1648,17607,8
6190,0,0,2193,19193,8
6191,0,0,2141,7057,8
6192,1,1,938,15252,8
6193,0,0,829,8897,8
6194,0,1,1890,6397,8
6195,0,0,2160,1858,8
6196,1,0,2025,12664,8
6197,0,0,1068,17082,8
6198,0,0,228,12022,8
6199,0,0,143,7725,8
6200,0,1,1311,14760,8
6201,0,0,1671,4352,8
6202,0,0,330,9595,8
6203,0,0,1049,14043,8
6204,0,0,2446,11987,8
6205,0,0,295,17643,8
6206,0,0,1825,269,8
6207,0,0,81,7857,8
6208,0,0,398,17330,8
6209,0,0,202,10225,8
6210,0,0,1831,10754,8
6211,0,0,2150,15025,8
6212,0,0,2296,10412,8
6213,0,0,235,6276,8
6214,0,0,1946,5259,8
6215,0,0,2117,666,8
6216,0,0,603,14222,8
6217,0,0,1789,1803,8
6218,0,0,2492,10151,8
6219,0,0,2477,21129,8
6220,0,0,1081,4940,8
6221,0,0,1460,20377,8
6222,0,0,2381,7461,8
6223,0,0,2334,5368,8
6224,0,0,2117,2649,8
6225,0,0,1302,11861,8
6226,0,0,225,18960,8
6227,0,0,1655,6931,8
6228,1,0,512,3723,8
6229,0,0,217,8944,8
6230,0,0,1885,400,8
6231,0,0,1165,10181,8
6232,0,0,2329,7549,8
6233,0,1,1818,21131,8
6234,0,0,2305,9337,8
6235,0,0,2479,20417,8
6236,0,0,2141,16183,8
6237,0,0,2315,15500,8
6238,0,0,1624,4955,8
6239,0,0,1730,6697,8
6240,0,0,2024,8773,8
6241,0,0,496,7973,8
6242,0,0,627,6745,8
6243,0,0,1478,16961,8
6244,0,0,669,4413,8
6245,0,0,351,10045,8
6246,0,0,265,4297,8
6247,0,0,130,12882,8
6248,0,0,769,12405,8
6249,0,0,822,18465,8
6250,0,0,1038,5010,8
6251,0,0,295,11953,8
6252,0,0,577,21736,8
6253,0,0,435,9144,8
6254,1,1,715,7850,8
6255,0,0,919,16713,8
6256,0,1,2213,21798,8
6257,0,0,1282,5169,8
6258,1,1,1512,20844,8
6259,0,0,2536,20159,8
6260,0,0,417,17837,8
6261,0,0,1579,9484,8
6262,0,0,1050,17954,8
6263,0,0,955,16158,8
6264,0,0,788,10947,8
6265,0,0,155,8104,8
6266,1,0,1349,19976,8
6267,0,0,66,3665,8
6268,0,0,188,21192,8
6269,0,0,476,733,8
6270,0,0,1195,3403,8
6271,0,0,329,21480,8
6272,0,0,527,21594,8
6273,0,0,74,19838,8
6274,1,0,1508,8618,8
6275,0,0,2236,1662,8
6276,0,0,2276,20427,8
6277,0,0,451,20034,8
6278,0,0,527,21094,8
6279,0,0,1885,12306,8
6280,0,0,1090,8313,8
6281,0,0,2071,14724,8
6282,0,0,723,7431,8
6283,0,0,167,5460,8
6284,0,0,167,11478,8
6285,0,0,1295,12447,8
6286,0,0,2492,15519,8
6287,0,0,2072,4157,8
6288,0,0,356,8836,8
6289,0,0,1777,16842,8
6290,0,1,2219,6043,8
6291,0,0,822,21566,8
6292,0,0,1728,5544,8
6293,0,0,1818,5848,8
6294,0,0,2017,16273,8
6295,0,0,381,16470,8
6296,0,1,1733,21812,8
6297,0,1,1637,1270,8
6298,0,0,527,19064,8
6299,0,0,1672,8994,8
6300,1,0,745,11811,8
6301,1,1,584,965,8
6302,0,0,1868,11672,8
6303,0,0,1499,18513,8
6304,0,0,1050,14992,8
6305,0,0,1034,19553,8
6306,0,0,83,18890,8
6307,0,0,1248,16762,8
6308,0,0,1090,15488,8
6309,1,1,1552,9156,8
6310,0,0,566,16992,8
6311,0,0,2255,6033,8
6312,0,0,1964,2171,8
6313,0,0,2062,6199,8
6314,0,1,364,9532,8
6315,0,1,1850,17488,8
6316,0,0,179,926,8
6317,0,0,558,14167,8
6318,0,0,1640,11549,8
6319,0,0,1287,18327,8
6320,0,1,1309,12938,8
6321,0,0,1609,12490,8
6322,0,0,1525,586,8
6323,0,1,2071,8814,8
6324,0,0,1342,13307,8
6325,0,0,1024,704,8
6326,0,0,1742,15526,8
6327,0,0,1919,4417,8
6328,0,0,1090,19193,8
6329,1,1,669,12490,8
6330,0,0,1477,8421,8
6331,0,0,2501,10419,8
6332,0,0,2503,15485,8
6333,0,0,2183,3730,8
6334,0,0,1083,12330,8
6335,0,0,1861,18454,8
6336,0,0,1714,16428,8
6337,0,0,2017,18318,8
6338,0,0,2286,14714,8
6339,0,0,1417,18172,8
6340,0,0,1146,4743,8
6341,0,0,2274,10003,8
6342,0,0,654,619,8
6343,0,0,1224,4043,8
6344,0,0,1553,11146,8
6345,0,0,310,12221,8
6346,0,0,130,913,8
6347,0,0,2304,8857,8
6348,0,0,1190,15776,8
6349,0,0,2047,12494,8
6350,0,0,1957,5210,8
6351,0,0,2179,11121,8
6352,1,1,457,8018,8
6353,0,0,2201,14474,8
6354,0,0,2340,11770,8
6355,0,0,1844,1593,8
6356,0,0,1035,9534,8
6357,0,1,1827,2578,8
6358,0,0,2381,20513,8
6359,0,0,920,15513,8
6360,0,0,1187,5476,8
6361,0,0,1834,7046,8
6362,0,0,57,8070,8
6363,0,0,906,3464,8
6364,0,0,1083,12455,8
6365,0,0,1653,13581,8
6366,0,0,1287,22000,8
6367,0,0,2183,20752,8
6368,0,0,2485,10111,8
6369,0,0,636,7158,8
6370,0,0,446,19992,8
6371,0,0,1716,17557,8
6372,0,0,1784,15395,8
6373,0,0,451,17347,8
6374,0,0,1741,2750,8
6375,0,0,155,14386,8
6376,0,0,1512,15312,8
6377,0,0,2186,19946,8
6378,0,0,2147,12293,8
6379,0,0,9,4359,8
6380,0,0,1706,16821,8
6381,0,0,2183,9020,8
6382,0,0,1972,12132,8
6383,0,0,769,21786,8
6384,0,0,1166,13873,8
6385,1,1,556,6721,8
6386,0,0,1999,1562,8
6387,0,0,1716,11692,8
6388,0,0,742,6729,8
6389,0,0,1964,15367,8
6390,0,0,346,7998,8
6391,0,0,1803,6081,8
6392,0,0,1897,9470,8
6393,0,0,2276,2780,8
6394,0,0,1187,21994,8
6395,0,0,2025,87,8
6396,0,0,329,11284,8
6397,1,0,1648,1547,8
6398,0,0,1565,8729,8
6399,0,0,1624,17199,8
6400,0,0,2340,7772,8
6401,0,0,1714,16392,8
6402,0,0,264,10170,8
6403,1,0,1508,19791,8
6404,0,0,2202,21765,8
6405,0,0,1799,18591,8
6406,0,0,745,7804,8
6407,0,0,1001,713,8
6408,0,0,645,6763,8
6409,0,0,797,12342,8
6410,0,0,1666,10056,8
6411,0,0,2409,9545,8
6412,0,0,588,14898,8
6413,0,0,1844,1594,8
6414,0,0,2375,3934,8
6415,0,0,2160,20547,8
6416,0,0,131,9640,8
6417,0,0,1825,7034,8
6418,0,0,2143,8793,8
6419,0,0,1868,13627,8
6420,0,0,2202,21720,8
6421,0,0,2219,256,8
6422,0,0,31,16173,8
6423,0,0,2121,2532,8
6424,0,0,531,12693,8
6425,0,0,133,19327,8
6426,0,0,1396,15357,8
6427,0,0,1903,8706,8
6428,0,0,2496,19173,8
6429,0,0,1897,3803,8
6430,0,0,1571,2811,8
6431,0,0,1397,20472,8
6432,1,1,1295,6405,8
6433,0,0,2515,554,8
6434,0,0,2510,20229,8
6435,0,0,81,18072,8
6436,0,1,1166,3903,8
6437,0,0,451,17999,8
6438,0,0,2117,2655,8
6439,0,0,2147,10293,8
6440,0,0,1236,21625,8
6441,0,0,1850,250,8
6442,0,0,736,7889,8
6443,0,0,131,5589,8
6444,0,0,2429,14247,8
6445,0,0,2544,17786,8
6446,0,0,2068,19334,8
6447,0,0,2304,10820,8
6448,0,0,2117,379,8
6449,0,0,1031,9526,8
6450,0,0,1001,14594,8
6451,0,0,417,17892,8
6452,0,0,829,938,8
6453,0,0,636,7159,8
6454,0,0,1224,12464,8
6455,0,0,2329,5535,8
6456,0,0,2094,18617,8
6457,0,0,916,8913,8
6458,0,0,1565,6377,8
6459,0,0,906,11434,8
6460,0,0,2213,14465,8
6461,0,0,2492,9588,8
6462,0,0,1885,2345,8
6463,0,0,496,619,8
6464,1,1,597,22043,8
6465,0,0,2375,4502,8
6466,0,0,788,10944,8
6467,0,0,929,18127,8
6468,0,0,435,16315,8
6469,0,0,317,5550,8
6470,1,1,1081,21587,8
6471,0,0,1579,8112,8
6472,1,1,1282,1240,8
6473,0,0,2094,8795,8
6474,0,0,512,20152,8
6475,0,0,1478,16118,8
6476,0,0,1417,21251,8
6477,0,0,897,9515,8
6478,0,0,1784,3901,8
6479,0,0,1607,8735,8
6480,0,0,1224,15291,8
6481,0,0,1774,17449,8
6482,0,0,2322,6398,8
6483,0,0,931,7570,8
6484,0,0,476,1685,8
6485,0,0,145,2593,8
6486,0,0,1543,10366,8
6487,0,0,1897,5422,8
6488,0,0,346,10282,8
6489,0,0,2255,4043,8
6490,1,1,1477,2432,8
6491,0,0,1038,3096,8
6492,0,0,1311,11063,8
6493,1,1,738,18197,8
6494,0,0,1897,12097,8
6495,0,0,1342,9325,8
6496,0,0,356,21340,8
6497,0,0,2259,12921,8
6498,0,0,1349,13766,8
6499,0,1,1666,6194,8
6500,0,0,1405,13156,8
6501,0,0,1827,18644,8
6502,0,0,1638,17317,8
6503,0,0,1309,15133,8
6504,0,0,1221,14043,8
6505,0,0,1843,14851,8
6506,0,1,2286,4741,8
6507,0,0,1068,17392,8
6508,0,0,25,10967,8
6509,0,0,1638,14574,8
6510,0,0,1397,4916,8
6511,0,0,2236,17073,8
6512,0,0,907,11799,8
6513,0,0,1728,10151,8
6514,0,0,2409,9745,8
6515,0,0,584,5041,8
6516,0,0,778,20035,8
6517,0,0,1714,18488,8
6518,0,0,329,19355,8
6519,0,0,426,14871,8
6520,1,1,235,21783,8
6521,0,0,531,731,8
6522,0,1,1655,10361,8
6523,0,0,1204,6690,8
6524,0,0,1385,17914,8
6525,0,0,2234,8313,8
6526,0,0,2062,4215,8
6527,0,0,202,4237,8
6528,0,0,695,21798,8
6529,0,0,1919,8508,8
6530,0,0,503,15760,8
6531,0,1,1897,11444,8
6532,0,0,126,13503,8
6533,0,0,1831,8462,8
6534,0,0,822,8786,8
6535,0,0,1302,11183,8
6536,0,0,175,5431,8
6537,0,0,585,22050,8
6538,0,0,669,4415,8
6539,0,0,906,5421,8
6540,0,0,2096,2377,8
6541,0,0,880,18279,8
6542,0,0,906,3463,8
6543,0,0,809,14215,8
6544,0,0,2481,13575,8
6545,0,0,417,286,8
6546,0,0,2477,21010,8
6547,0,0,202,6373,8
6548,0,0,594,20199,8
6549,0,0,1565,6246,8
6550,0,0,2121,18954,8
6551,0,0,1198,12917,8
6552,0,0,2125,7552,8
6553,0,0,1834,17517,8
6554,0,0,130,14783,8
6555,0,0,1513,11643,8
6556,0,0,135,21731,8
6557,0,0,435,15089,8
6558,0,0,1704,16520,8
6559,0,0,2477,931,8
6560,0,0,749,3499,8
6561,0,0,695,4475,8
6562,0,0,1717,3376,8
6563,0,0,1166,1949,8
6564,0,0,217,10400,8
6565,0,1,1704,16231,8
6566,0,0,1369,5212,8
6567,0,0,1607,10702,8
6568,0,0,1391,4885,8
6569,1,1,2186,13583,8
6570,0,0,926,16957,8
6571,0,0,9,21558,8
6572,0,0,745,15168,8
6573,0,0,809,8302,8
6574,1,1,229,13258,8
6575,0,0,2329,6828,8
6576,1,0,1311,18672,8
6577,0,0,2461,7244,8
6578,0,0,1730,22068,8
6579,0,0,83,3570,8
6580,0,0,2259,12919,8
6581,0,0,1369,2383,8
6582,0,0,1198,2950,8
6583,0,0,1851,34,8
6584,0,0,769,4344,8
6585,1,1,2229,14755,8
6586,0,0,1481,4162,8
6587,0,0,83,4122,8
6588,0,0,1236,3618,8
6589,0,0,2143,12802,8
6590,0,1,2047,8524,8
6591,0,1,1794,21638,8
6592,0,0,2290,10381,8
6593,0,0,2304,6028,8
6594,0,0,1050,13078,8
6595,0,0,1774,17996,8
6596,0,0,2520,13700,8
6597,0,0,1480,21391,8
6598,0,0,483,10849,8
6599,1,1,295,13910,8
6600,0,0,1369,14291,8
6601,0,0,2076,21276,8
6602,0,0,2024,6738,8
6603,0,0,1566,19639,8
6604,0,0,1794,20276,8
6605,0,0,1229,13545,8
6606,0,0,1498,19352,8
6607,0,0,738,18411,8
6608,0,0,2186,1644,8
6609,0,0,1011,16043,8
6610,0,0,381,15764,8
6611,0,0,1794,2486,8
6612,0,0,529,16713,8
6613,0,0,1609,4415,8
6614,0,0,452,17648,8
6615,0,0,2303,20519,8
6616,0,0,1498,11518,8
6617,0,0,130,904,8
6618,1,0,330,16952,8
6619,0,0,2236,9659,8
6620,0,0,2329,9575,8
6621,0,0,476,729,8
6622,0,0,2154,9210,8
6623,0,0,503,4654,8
6624,0,0,295,12589,8
6625,0,1,111,1210,8
6626,0,0,2429,11988,8
6627,0,0,1011,6075,8
6628,1,1,931,6451,8
6629,0,0,971,13424,8
6630,0,0,1031,21485,8
6631,0,0,143,19949,8
6632,0,0,221,16944,8
6633,0,0,908,1043,8
6634,0,0,225,10571,8
6635,0,0,797,431,8
6636,1,1,2296,12892,8
6637,0,1,1302,19589,8
6638,0,0,265,11511,8
6639,0,1,1048,21010,8
6640,0,0,715,4917,8
6641,0,0,235,16577,8
6642,0,0,692,21540,8
6643,0,0,1717,21984,8
6644,0,1,1481,16118,8
6645,1,1,186,1928,8
6646,0,0,681,13735,8
6647,0,0,1370,21598,8
6648,1,1,874,5644,8
6649,0,0,33,11408,8
6650,0,0,2094,16184,8
6651,0,0,2396,16194,8
6652,0,0,2242,1847,8
6653,0,1,798,6373,8
6654,0,0,672,6882,8
6655,0,0,893,7594,8
6656,0,0,908,1047,8
6657,1,1,2025,2698,8
6658,1,1,1237,6974,8
6659,0,0,2353,11493,8
6660,0,0,2520,21628,8
6661,0,0,711,13646,8
6662,0,0,636,15100,8
6663,0,0,1716,13660,8
6664,0,0,931,18639,8
6665,0,0,470,15783,8
6666,0,0,1672,1900,8
6667,0,0,1001,6642,8
6668,0,0,1236,19480,8
6669,0,0,2017,17373,8
6670,0,0,2396,16561,8
6671,0,0,627,8788,8
6672,0,0,2340,15720,8
6673,0,0,681,2853,8
6674,0,0,1890,2849,8
6675,0,0,1342,7322,8
6676,0,0,1398,8652,8
6677,0,0,556,21901,8
6678,0,0,711,7667,8
6679,1,1,1368,12442,8
6680,0,0,1843,14852,8
6681,0,0,2446,11991,8
6682,0,0,892,9383,8
6683,0,0,797,6305,8
6684,0,0,2121,569,8
6685,0,0,330,5549,8
6686,0,0,452,11668,8
6687,1,0,1311,8852,8
6688,0,0,1244,3960,8
6689,0,0,1478,6872,8
6690,0,0,797,4304,8
6691,0,0,2446,14248,8
6692,0,0,221,1772,8
6693,0,0,1128,3278,8
6694,0,0,1851,19633,8
6695,0,0,1224,6033,8
6696,0,0,2239,21345,8
6697,0,0,395,8342,8
6698,0,0,81,10884,8
6699,0,0,1671,4104,8
6700,1,0,1368,21491,8
6701,0,0,1512,1352,8
6702,0,0,202,413,8
6703,0,0,908,12999,8
6704,0,0,2025,8667,8
6705,0,0,2242,3463,8
6706,0,0,666,14433,8
6707,0,0,2080,16583,8
6708,0,0,645,10761,8
6709,1,1,1717,17261,8
6710,0,0,2213,4476,8
6711,0,0,558,12735,8
6712,0,0,907,11610,8
6713,0,0,1460,21317,8
6714,0,0,2062,10242,8
6715,0,0,1637,21971,8
6716,0,0,1316,9990,8
6717,0,0,723,3651,8
6718,0,0,1621,327,8
6719,0,0,1210,15279,8
6720,0,0,897,1520,8
6721,0,0,1048,21573,8
6722,0,0,2236,8150,8
6723,0,1,2274,356,8
6724,0,0,1638,7099,8
6725,0,0,2440,16624,8
6726,0,0,2154,6651,8
6727,1,1,1287,15033,8
6728,0,0,750,12722,8
6729,0,0,1298,11357,8
6730,0,0,1232,624,8
6731,0,0,483,11114,8
6732,0,0,1068,18038,8
6733,0,0,1791,17449,8
6734,0,0,364,13477,8
6735,0,0,781,18203,8
6736,0,0,202,14207,8
6737,1,0,2477,4884,8
6738,0,0,1972,9612,8
6739,0,0,627,20715,8
6740,0,0,1890,21447,8
6741,1,0,1851,13348,8
6742,0,0,85,11602,8
6743,0,0,669,14414,8
6744,0,0,1146,21183,8
6745,1,1,2479,10669,8
6746,0,0,435,15840,8
6747,0,0,1050,16258,8
6748,0,0,74,13363,8
6749,0,0,1073,552,8
6750,0,0,1224,12058,8
6751,0,0,2179,17769,8
6752,1,1,167,15437,8
6753,0,0,1062,2754,8
6754,0,0,2028,10048,8
6755,0,0,228,18020,8
6756,0,0,1298,1400,8
6757,0,0,798,357,8
6758,0,0,2509,11844,8
6759,0,0,1791,17996,8
6760,0,0,906,11429,8
6761,0,0,1565,11141,8
6762,0,0,2234,21189,8
6763,0,0,2509,2230,8
6764,0,0,897,13475,8
6765,0,0,2121,6474,8
6766,0,0,1038,10434,8
6767,0,0,805,8378,8
6768,0,0,2536,18014,8
6769,0,0,853,6748,8
6770,0,0,1982,14128,8
6771,0,0,2253,3527,8
6772,0,0,749,5817,8
6773,0,0,1081,1122,8
6774,0,0,955,10719,8
6775,0,0,1317,5355,8
6776,0,0,745,15384,8
6777,0,0,2359,7838,8
6778,0,0,2515,11800,8
6779,0,0,1825,13325,8
6780,0,0,1349,13767,8
6781,0,0,1050,19314,8
6782,0,0,455,18772,8
6783,0,0,228,20652,8
6784,0,0,1888,2790,8
6785,0,0,2132,5307,8
6786,0,0,558,20925,8
6787,0,0,645,14718,8
6788,0,0,1342,9327,8
6789,0,0,1716,16512,8
6790,0,0,2324,14594,8
6791,1,1,2440,6643,8
6792,0,0,2071,14727,8
6793,0,0,395,19708,8
6794,0,0,1370,9199,8
6795,0,0,1317,3394,8
6796,0,0,864,11892,8
6797,0,0,1317,3395,8
6798,1,1,1178,18153,8
6799,0,0,2340,19673,8
6800,0,0,2515,13773,8
6801,0,0,920,19066,8
6802,0,0,13,7682,8
6803,0,0,483,8707,8
6804,0,0,750,14477,8
6805,0,0,1062,14330,8
6806,0,0,252,9702,8
6807,0,0,1512,11307,8
6808,0,0,1525,4462,8
6809,0,0,666,570,8
6810,0,0,2449,3466,8
6811,0,0,903,15521,8
6812,0,0,1248,20976,8
6813,0,0,1121,5673,8
6814,0,0,666,14440,8
6815,0,0,2150,8265,8
6816,0,0,1478,6873,8
6817,0,0,1653,7611,8
6818,0,0,503,3789,8
6819,0,1,155,3446,8
6820,0,0,1542,10128,8
6821,0,0,838,2715,8
6822,0,0,2025,5056,8
6823,0,0,1895,20819,8
6824,0,0,188,20856,8
6825,0,0,929,8407,8
6826,0,0,1919,4415,8
6827,0,0,167,9501,8
6828,0,0,2274,2278,8
6829,0,0,1851,12453,8
6830,1,1,2305,10515,8
6831,0,0,1236,2170,8
6832,0,0,1236,14268,8
6833,0,0,1480,1929,8
6834,0,0,483,15018,8
6835,1,1,2040,9550,8
6836,0,0,1982,8179,8
6837,0,0,672,14820,8
6838,0,0,1207,16639,8
6839,0,0,897,7491,8
6840,0,0,135,161,8
6841,1,1,33,11683,8
6842,0,0,2096,7859,8
6843,0,0,1571,11014,8
6844,0,0,1607,6696,8
6845,0,0,703,3907,8
6846,1,0,1648,19647,8
6847,0,0,669,6227,8
6848,0,0,1198,10870,8
6849,0,0,2492,5559,8
6850,0,0,1295,10447,8
6851,0,0,2446,2344,8
6852,0,0,1128,16401,8
6853,0,0,2040,21145,8
6854,0,0,2047,552,8
6855,0,0,2492,12125,8
6856,0,0,2202,20276,8
6857,1,1,1542,10127,8
6858,0,0,1789,4877,8
6859,0,0,715,6370,8
6860,0,0,1396,8890,8
6861,0,0,2290,15924,8
6862,0,1,2143,8239,8
6863,0,0,597,10311,8
6864,0,0,1624,13060,8
6865,0,0,2305,10516,8
6866,0,0,880,13969,8
6867,0,0,2071,21939,8
6868,0,0,167,11475,8
6869,0,0,1237,10969,8
6870,0,0,1121,16101,8
6871,1,1,1248,16298,8
6872,0,0,1834,17845,8
6873,0,0,1827,2583,8
6874,0,0,950,8015,8
6875,0,0,351,5603,8
6876,0,0,2229,2872,8
6877,0,0,1396,5357,8
6878,0,0,1868,5651,8
6879,0,0,85,13453,8
6880,0,0,1398,20413,8
6881,0,0,527,11640,8
6882,0,1,202,2447,8
6883,0,0,2132,11322,8
6884,0,0,1035,7788,8
6885,0,0,760,5419,8
6886,0,0,2381,5438,8
6887,0,0,908,9015,8
6888,1,1,864,11894,8
6889,0,0,1565,15107,8
6890,0,0,476,19813,8
6891,0,0,2315,9548,8
6892,0,0,1499,17037,8
6893,0,0,1068,16211,8
6894,0,0,1093,17453,8
6895,0,0,934,7126,8
6896,0,0,2440,1772,8
6897,0,0,1237,13061,8
6898,0,0,2485,8096,8
6899,0,0,1741,12717,8
6900,0,0,455,1618,8
6901,0,1,2303,5475,8
6902,0,0,205,649,8
6903,0,0,2286,14175,8
6904,0,0,364,12110,8
6905,1,1,217,5274,8
6906,1,1,752,7075,8
6907,0,0,1571,4739,8
6908,1,1,1224,8070,8
6909,0,1,1754,21393,8
6910,1,1,2396,18101,8
6911,0,0,797,4303,8
6912,1,1,313,8870,8
6913,0,0,13,1717,8
6914,0,0,1302,6943,8
6915,0,0,818,10895,8
6916,0,0,703,18759,8
6917,0,0,1799,17766,8
6918,0,0,295,11954,8
6919,1,0,399,8685,8
6920,0,0,938,11521,8
6921,0,0,25,4966,8
6922,0,0,692,19327,8
6923,0,0,2076,17677,8
6924,0,0,2141,15006,8
6925,0,0,131,5594,8
6926,0,0,931,9241,8
6927,0,0,1525,2549,8
6928,1,1,907,13994,8
6929,0,0,2540,842,8
6930,0,0,971,15411,8
6931,0,0,2047,556,8
6932,0,0,2080,18431,8
6933,0,0,1738,14663,8
6934,0,0,892,12164,8
6935,0,0,1301,9279,8
6936,0,0,426,3001,8
6937,1,1,225,12627,8
6938,1,1,2094,15247,8
6939,0,0,973,6767,8
6940,0,0,1093,16869,8
6941,0,0,2538,2809,8
6942,0,0,1180,10556,8
6943,0,0,1885,6270,8
6944,1,1,1919,543,8
6945,0,0,85,19377,8
6946,0,0,229,5326,8
6947,0,0,1843,7,8
6948,0,1,85,9496,8
6949,0,0,2213,2561,8
6950,0,0,903,15526,8
6951,0,0,1362,3940,8
6952,0,0,351,2552,8
6953,0,0,470,429,8
6954,0,0,879,7032,8
6955,0,0,950,2018,8
6956,0,0,426,19587,8
6957,0,0,1083,8721,8
6958,1,1,1748,17507,8
6959,0,0,483,1149,8
6960,0,0,66,4489,8
6961,0,0,1713,17082,8
6962,1,1,2538,2279,8
6963,0,0,938,11269,8
6964,0,0,1397,11735,8
6965,0,0,2440,1419,8
6966,0,0,1732,7751,8
6967,0,0,512,4979,8
6968,1,0,2540,21344,8
6969,0,0,983,4948,8
6970,0,0,155,3447,8
6971,0,0,1282,12449,8
6972,0,0,1349,21626,8
6973,0,0,1001,716,8
6974,0,0,838,2709,8
6975,0,0,1048,19022,8
6976,0,1,2353,13476,8
6977,0,0,666,6466,8
6978,0,0,2414,11321,8
6979,0,0,736,7037,8
6980,0,0,1653,7612,8
6981,0,0,483,15068,8
6982,0,0,2305,4470,8
6983,0,0,749,11480,8
6984,0,0,217,986,8
6985,0,0,1073,550,8
6986,0,0,2080,18134,8
6987,0,0,2154,15176,8
6988,0,1,1146,11830,8
6989,0,0,2253,18994,8
6990,0,0,85,4357,8
6991,0,0,1839,21955,8
6992,0,0,1034,19049,8
6993,0,0,1121,9717,8
6994,0,0,853,6752,8
6995,0,0,2324,11196,8
6996,0,0,1093,16562,8
6997,0,0,633,18610,8
6998,0,0,2096,973,8
6999,0,0,1831,14644,8
7000,0,0,2441,6889,8
7001,0,1,1844,15519,8
7002,0,0,188,1995,8
7003,0,0,818,14845,8
7004,0,0,1666,21532,8
7005,0,0,2234,15737,8
7006,0,0,1621,17613,8
7007,0,0,681,21112,8
7008,0,0,929,6075,8
7009,1,1,2334,10108,8
7010,0,0,1703,17388,8
7011,0,0,566,17980,8
7012,0,0,1309,6379,8
7013,0,0,2396,16871,8
7014,0,0,1014,13064,8
7015,0,0,2072,10185,8
7016,0,0,736,13078,8
7017,0,0,1999,15485,8
7018,0,0,1982,11745,8
7019,0,0,2381,15427,8
7020,0,0,1885,4281,8
7021,0,0,1565,8675,8
7022,0,0,577,16141,8
7023,0,0,1277,6861,8
7024,0,0,2125,11571,8
7025,0,0,1178,2818,8
7026,0,0,1732,15702,8
7027,0,0,1831,2754,8
7028,0,0,1301,5233,8
7029,0,0,880,12138,8
7030,0,0,9,18989,8
7031,0,0,1204,6182,8
7032,0,0,2259,4860,8
7033,0,1,1888,6729,8
7034,0,0,809,8305,8
7035,0,0,2509,6158,8
7036,0,0,1385,17319,8
7037,0,0,2089,4587,8
7038,0,0,1187,3511,8
7039,0,0,798,9865,8
7040,1,1,871,20288,8
7041,0,0,455,1617,8
7042,0,0,1398,2676,8
7043,0,0,188,21899,8
7044,0,0,1553,7169,8
7045,0,0,1964,16087,8
7046,0,0,2461,5205,8
7047,0,0,1165,5670,8
7048,0,0,1607,12717,8
7049,0,0,1888,799,8
7050,0,0,1885,8335,8
7051,0,0,2329,9573,8
7052,0,0,1755,1720,6
7053,1,1,151,2205,6
7054,1,1,3307,1947,6
7055,0,0,1974,2828,6
7056,0,0,1755,1005,6
7057,0,0,737,3137,6
7058,1,0,898,68,6
7059,1,1,1114,61,6
7060,1,1,4525,3129,6
7061,0,0,3230,4645,6
7062,0,0,4336,7469,6
7063,0,0,353,731,6
7064,1,1,2645,5901,6
7065,1,0,3598,553,6
7066,0,0,679,6985,6
7067,0,0,1535,7793,6
7068,0,0,4359,6799,6
7069,1,1,4807,4295,6
7070,0,0,1836,849,6
7071,1,1,411,7424,6
7072,0,0,3580,7406,6
7073,0,0,3259,2885,6
7074,0,1,1562,5979,6
7075,0,0,3755,5119,6
7076,1,1,672,956,6
7077,1,1,3661,4704,6
7078,0,0,815,7203,6
7079,0,0,4892,1902,6
7080,0,0,4949,2448,6
7081,1,1,310,5369,6
7082,1,1,760,458,6
7083,0,0,3082,7369,6
7084,0,0,4172,1266,6
7085,1,0,2122,6846,6
7086,1,1,1776,5988,6
7087,0,0,3575,6201,6
7088,1,1,1958,6690,6
7089,0,0,4458,272,6
7090,0,0,1592,1659,6
7091,0,1,4211,4060,6
7092,1,1,1884,279,6
7093,0,0,757,2037,6
7094,0,0,788,3954,6
7095,0,0,4740,4333,6
7096,0,0,3429,1144,6
7097,1,1,4992,4940,6
7098,0,0,4231,3638,6
7099,0,0,4719,7379,6
7100,0,0,4601,120,6
7101,0,0,1588,1915,6
7102,0,0,2549,1719,6
7103,0,0,2291,569,6
7104,0,0,1899,2067,6
7105,1,0,3002,991,6
7106,0,0,519,2442,6
7107,0,0,1588,980,6
7108,0,0,3580,3854,6
7109,0,0,3726,1303,6
7110,0,0,3710,5315,6
7111,0,0,3708,6934,6
7112,1,0,520,164,6
7113,0,0,2814,1564,6
7114,0,0,3773,5699,6
7115,0,0,862,1229,6
7116,0,0,3215,1050,6
7117,0,0,3434,5608,6
7118,0,0,1769,6572,6
7119,1,1,2196,6049,6
7120,0,0,3653,1601,6
7121,1,0,3148,1639,6
7122,0,0,1562,4436,6
7123,0,0,3726,6540,6
7124,1,1,4763,2540,6
7125,0,0,1755,5973,6
7126,0,0,737,58,6
7127,1,1,555,6932,6
7128,0,0,3002,4471,6
7129,0,1,1348,3508,6
7130,1,1,3286,1127,6
7131,0,0,4643,4791,6
7132,1,1,2895,2435,6
7133,1,0,2329,3283,6
7134,1,1,618,1218,6
7135,0,0,3306,4452,6
7136,0,0,4725,48,6
7137,0,0,3109,3020,6
7138,1,1,4029,6438,6
7139,0,0,4949,520,6
7140,1,1,898,98,6
7141,0,0,2814,1467,6
7142,1,1,1092,2327,6
7143,1,1,3257,1765,6
7144,1,1,1593,6555,6
7145,0,0,1580,7311,6
7146,0,0,1535,4124,6
7147,0,0,4371,6142,6
7148,0,0,162,4243,6
7149,0,1,4185,1523,6
7150,0,0,1463,44,6
7151,1,1,4596,226,6
7152,0,0,1614,1194,6
7153,0,0,4992,3033,6
7154,1,1,2704,2646,6
7155,0,0,2895,3920,6
7156,1,1,4997,3338,6
7157,0,0,247,6814,6
7158,1,1,64,4196,6
7159,0,0,411,4855,6
7160,0,0,4719,6876,6
7161,0,0,3078,3378,6
7162,0,0,4172,838,6
7163,0,0,1161,7311,6
7164,0,0,1463,7316,6
7165,0,0,1353,7311,6
7166,0,0,3726,258,6
7167,0,0,1662,1745,6
7168,0,0,4997,7311,6
7169,1,1,1454,3964,6
7170,0,0,737,1959,6
7171,1,1,1747,5608,6
7172,0,0,4392,1157,6
7173,0,0,5053,1507,6
7174,0,0,4719,7332,6
7175,1,1,2798,3516,6
7176,0,0,2220,7081,6
7177,0,0,290,4205,6
7178,0,0,4892,5921,6
7179,0,0,2752,626,6
7180,1,1,227,5641,6
7181,0,0,3591,4918,6
7182,0,0,4719,4539,6
7183,1,0,1277,1337,6
7184,0,0,4630,6858,6
7185,0,0,4763,1139,6
7186,0,0,3773,3410,6
7187,0,0,1535,6869,6
7188,1,1,3653,3582,6
7189,0,0,4596,4871,6
7190,0,0,3002,1764,6
7191,0,0,2652,2716,6
7192,1,0,1899,5683,6
7193,0,0,2770,510,6
7194,1,1,2612,2953,6
7195,0,0,3598,4940,6
7196,0,0,1463,961,6
7197,1,1,3951,6784,6
7198,0,0,2752,2102,6
7199,1,1,1836,3220,6
7200,0,1,1960,923,6
7201,0,0,2801,3189,6
7202,0,0,4892,3876,6
7203,1,1,3648,5731,6
7204,0,0,3591,7397,6
7205,0,0,1747,5214,6
7206,0,0,784,2943,6
7207,0,0,883,6573,6
7208,1,0,4923,7703,6
7209,1,1,3078,4886,6
7210,0,0,170,264,6
7211,0,0,4983,7127,6
7212,0,0,1425,480,6
7213,0,0,734,2348,6
7214,0,0,916,84,6
7215,0,0,1588,575,6
7216,0,0,241,4892,6
7217,0,0,885,2741,6
7218,1,1,837,1673,6
7219,0,0,654,6572,6
7220,1,1,69,1213,6
7221,1,0,69,144,6
7222,0,0,4596,6154,6
7223,0,0,854,1639,6
7224,0,0,734,2703,6
7225,1,1,2220,5714,6
7226,0,0,1425,1423,6
7227,0,0,520,6033,6
7228,0,0,3755,5712,6
7229,0,0,1766,3953,6
7230,0,0,2549,1138,6
7231,1,1,2547,6540,6
7232,0,0,788,6265,6
7233,0,0,3348,3208,6
7234,1,0,2645,6992,6
7235,0,0,1463,5858,6
7236,0,1,1535,4087,6
7237,1,1,2983,7339,6
7238,1,1,2809,5969,6
7239,0,0,737,6931,6
7240,1,1,2907,3834,6
7241,1,1,91,3404,6
7242,1,0,854,108,6
7243,0,0,4949,7490,6
7244,1,0,1662,4182,6
7245,0,0,361,1614,6
7246,0,0,1562,4184,6
7247,1,1,2002,6621,6
7248,0,0,1388,991,6
7249,0,0,247,2555,6
7250,0,0,2652,5355,6
7251,1,1,2498,378,6
7252,0,0,654,3399,6
7253,1,1,4923,5083,6
7254,0,0,2031,3007,6
7255,0,0,4690,189,6
7256,0,0,815,7655,6
7257,0,0,883,7508,6
7258,0,0,4778,4825,6
7259,0,0,1460,3709,6
7260,1,1,4454,1351,6
7261,1,1,2681,6765,6
7262,0,0,1755,7049,6
7263,0,0,1003,7020,6
7264,0,0,737,5954,6
7265,0,0,1836,5503,6
7266,0,0,8,5618,6
7267,1,1,3131,826,6
7268,0,0,4807,2638,6
7269,0,0,353,4305,6
7270,0,0,4296,5087,6
7271,0,0,4172,1005,6
7272,0,0,1612,1068,6
7273,1,1,734,7508,6
7274,0,0,2917,2436,6
7275,1,1,1974,1457,6
7276,0,0,3327,7236,6
7277,1,1,149,3568,6
7278,0,0,3648,6944,6
7279,1,1,4303,5493,6
7280,0,0,3653,2161,6
7281,0,0,3306,774,6
7282,0,0,1147,4453,6
7283,0,0,369,1315,6
7284,0,0,3082,1606,6
7285,0,1,4818,6933,6
7286,0,0,3429,767,6
7287,0,0,2917,1390,6
7288,1,1,4820,3879,6
7289,1,1,2930,4426,6
7290,1,1,4190,3702,6
7291,0,0,4997,4645,6
7292,0,0,4202,1751,6
7293,0,0,3594,4254,6
7294,1,0,69,2944,6
7295,0,0,1277,1261,6
7296,0,0,1755,5737,6
7297,0,0,2338,3281,6
7298,0,0,1588,1672,6
7299,0,0,4172,284,6
7300,0,0,2274,6974,6
7301,0,0,1425,6709,6
7302,0,0,2752,3220,6
7303,0,0,2801,2070,6
7304,0,0,1277,11,6
7305,1,1,4028,6527,6
7306,1,1,4036,4004,6
7307,1,1,1895,7786,6
7308,0,0,4596,4076,6
7309,1,1,2274,4615,6
7310,0,0,1028,621,6
7311,1,1,2467,302,6
7312,1,1,3149,4266,6
7313,0,0,654,5368,6
7314,0,0,1592,1741,6
7315,1,0,2146,1035,6
7316,1,1,4948,6402,6
7317,1,1,1420,560,6
7318,1,0,1836,2102,6
7319,1,1,885,2946,6
7320,0,0,3149,658,6
7321,0,1,4577,1576,6
7322,1,1,2712,5108,6
7323,1,1,2746,984,6
7324,0,0,3403,7015,6
7325,1,1,1919,3870,6
7326,0,0,4029,4563,6
7327,1,1,1701,3065,6
7328,0,0,3732,4807,6
7329,0,0,4892,7444,6
7330,0,0,4296,2698,6
7331,1,1,3491,6221,6
7332,1,1,4178,726,6
7333,0,0,5053,6361,6
7334,0,0,1021,3031,6
7335,1,0,1548,1745,6
7336,0,0,654,5031,6
7337,0,0,898,113,6
7338,0,0,2549,816,6
7339,1,1,4255,4381,6
7340,1,1,1548,444,6
7341,1,1,3453,932,6
7342,1,1,4052,5532,6
7343,1,0,760,4413,6
7344,0,0,3773,2553,6
7345,1,1,1315,7512,6
7346,0,0,2211,6507,6
7347,0,0,3345,5172,6
7348,0,0,510,7541,6
7349,0,0,2752,1188,6
7350,0,0,672,4592,6
7351,0,0,3149,826,6
7352,0,0,3306,3475,6
7353,0,0,4365,139,6
7354,0,0,3582,4190,6
7355,1,1,4213,4388,6
7356,1,1,2122,2078,6
7357,0,0,654,367,6
7358,0,0,1535,4199,6
7359,0,0,2652,3358,6
7360,1,0,854,404,6
7361,0,0,1836,1073,6
7362,1,1,960,2930,6
7363,0,0,2172,1529,6
7364,0,0,1960,1669,6
7365,0,0,2776,343,6
7366,0,0,4885,1827,6
7367,1,1,5106,5723,6
7368,0,0,2814,3997,6
7369,0,0,2312,7195,6
7370,0,0,3002,1945,6
7371,0,0,788,1127,6
7372,0,0,510,2349,6
7373,1,1,4365,4193,6
7374,0,0,2549,124,6
7375,0,0,1315,5523,6
7376,1,1,3825,5772,6
7377,0,0,4009,3525,6
7378,0,0,4211,7619,6
7379,1,0,3598,5559,6
7380,1,1,3002,2608,6
7381,0,0,4725,651,6
7382,0,0,4826,6298,6
7383,0,1,2851,6651,6
7384,0,0,1267,306,6
7385,1,1,2014,6109,6
7386,0,0,1548,3458,6
7387,1,1,247,364,6
7388,1,1,510,4436,6
7389,0,0,4213,586,6
7390,0,0,1548,1302,6
7391,0,0,3588,7261,6
7392,0,0,862,1868,6
7393,1,1,4270,871,6
7394,0,0,4992,5514,6
7395,0,0,4371,7307,6
7396,1,0,69,7525,6
7397,1,1,918,165,6
7398,1,1,1889,758,6
7399,0,0,247,6142,6
7400,0,0,2029,6305,6
7401,1,1,2914,154,6
7402,1,1,2549,5453,6
7403,1,0,2124,466,6
7404,0,0,2038,7406,6
7405,0,0,519,3963,6
7406,0,0,3082,6258,6
7407,0,0,4036,6079,6
7408,0,0,4392,4766,6
7409,0,0,2312,7281,6
7410,0,0,1592,7558,6
7411,1,1,1855,2706,6
7412,1,1,862,7006,6
7413,0,0,4365,477,6
7414,0,0,4009,2329,6
7415,1,1,1442,1394,6
7416,0,0,3366,3810,6
7417,0,0,4997,7788,6
7418,0,0,520,5365,6
7419,0,0,654,2323,6
7420,1,1,3594,2226,6
7421,1,1,3466,1010,6
7422,0,0,3466,2561,6
7423,0,0,1102,7191,6
7424,1,1,4392,1482,6
7425,0,0,3259,6573,6
7426,1,1,2861,141,6
7427,0,0,1986,640,6
7428,1,1,3988,1513,6
7429,0,0,654,693,6
7430,1,1,2980,537,6
7431,0,0,290,6062,6
7432,0,0,3773,7717,6
7433,0,0,3591,3619,6
7434,0,0,4458,6765,6
7435,0,0,353,1720,6
7436,1,1,2329,1766,6
7437,0,0,353,1614,6
7438,0,0,4948,51,6
7439,1,1,3908,1078,6
7440,0,0,757,7581,6
7441,1,1,241,6125,6
7442,1,0,3181,924,6
7443,0,0,2776,1020,6
7444,1,1,1161,333,6
7445,1,1,5059,1157,6
7446,0,0,1962,6764,6
7447,1,0,2220,5946,6
7448,1,1,582,5368,6
7449,0,0,3348,2037,6
7450,0,0,3575,1579,6
7451,0,0,2547,5177,6
7452,0,0,1593,908,6
7453,0,0,1766,5761,6
7454,0,0,5053,1798,6
7455,0,0,1588,6283,6
7456,0,0,2329,2812,6
7457,1,1,2149,2555,6
7458,0,0,3403,2512,6
7459,0,0,1038,4426,6
7460,0,0,4983,4091,6
7461,0,0,2291,5082,6
7462,1,0,4525,5114,6
7463,0,0,353,6457,6
7464,0,0,4997,4196,6
7465,1,1,125,3023,6
7466,0,0,3654,6957,6
7467,0,0,1895,6300,6
7468,0,0,1766,88,6
7469,0,0,3002,3539,6
7470,0,0,4458,8,6
7471,0,0,2312,2436,6
7472,0,0,3149,3126,6
7473,1,1,1997,813,6
7474,1,1,1780,4235,6
7475,1,1,2649,5005,6
7476,1,1,559,3968,6
7477,0,0,3575,4132,6
7478,0,0,2983,7179,6
7479,1,0,4892,2977,6
7480,0,0,2369,1215,6
7481,1,1,791,5097,6
7482,0,0,4296,94,6
7483,0,0,737,6258,6
7484,0,0,3568,4023,6
7485,0,0,1348,7191,6
7486,0,0,1592,6858,6
7487,1,1,480,6799,6
7488,0,0,4949,3963,6
7489,0,0,960,4054,6
7490,1,1,1899,1939,6
7491,1,1,1766,759,6
7492,0,0,64,3063,6
7493,0,0,4661,3971,6
7494,0,0,862,1121,6
7495,0,0,1145,6434,6
7496,0,1,2770,752,6
7497,0,0,3879,2686,6
7498,1,0,828,7115,6
7499,1,1,4793,5932,6
7500,1,0,2809,3124,6
7501,0,0,3710,4105,6
7502,1,1,679,7166,6
7503,0,0,686,669,6
7504,0,0,4763,4150,6
7505,0,0,3513,1370,6
7506,0,0,3580,1229,6
7507,0,0,1388,5450,6
7508,0,0,2752,1300,6
7509,1,1,896,115,6
7510,1,1,778,4491,6
7511,0,0,520,5002,6
7512,0,0,3206,1102,6
7513,0,0,455,2697,6
7514,1,1,4778,2517,6
7515,1,0,1899,5312,6
7516,1,1,2038,971,6
7517,0,0,737,608,6
7518,1,1,4326,3491,6
7519,0,0,3648,4078,6
7520,0,0,837,444,6
7521,1,1,2099,5244,6
7522,0,0,837,413,6
7523,0,0,854,216,6
7524,0,0,2172,511,6
7525,0,0,2312,640,6
7526,0,0,2348,1091,6
7527,0,0,4173,6300,6
7528,1,1,1769,1807,6
7529,1,1,118,910,6
7530,0,0,2029,5995,6
7531,0,0,1588,4440,6
7532,0,0,1592,5051,6
7533,0,0,1348,2431,6
7534,1,1,1892,779,6
7535,0,0,1463,43,6
7536,0,0,3149,6944,6
7537,1,1,3588,1544,6
7538,1,1,1021,7264,6
7539,0,0,3591,1788,6
7540,0,0,4185,427,6
7541,0,0,1701,168,6
7542,0,0,1619,6644,6
7543,0,0,1311,572,6
7544,0,0,2770,5523,6
7545,0,0,2549,6202,6
7546,0,0,1468,4065,6
7547,0,0,520,3056,6
7548,0,0,3412,30,6
7549,0,0,3345,1463,6
7550,1,1,3495,5778,6
7551,0,0,2029,6914,6
7552,0,0,2196,330,6
7553,0,0,1642,1669,6
7554,0,0,3827,2578,6
7555,0,0,1592,1191,6
7556,1,1,3458,6289,6
7557,1,0,4270,1256,6
7558,0,0,4172,1723,6
7559,0,0,16,6981,6
7560,0,0,4793,1210,6
7561,0,0,1351,3532,6
7562,0,0,4009,5945,6
7563,0,0,4630,27,6
7564,1,1,1933,3324,6
7565,0,0,4371,6069,6
7566,0,0,3580,1121,6
7567,1,1,4098,306,6
7568,0,0,4365,519,6
7569,0,0,300,581,6
7570,1,1,2652,1241,6
7571,0,0,4450,1315,6
7572,0,0,1311,5896,6
7573,0,0,3002,1589,6
7574,0,0,4719,901,6
7575,0,0,2291,4471,6
7576,0,0,345,6605,6
7577,1,1,1809,1493,6
7578,0,0,149,6002,6
7579,0,0,1535,2247,6
7580,1,1,1246,6249,6
7581,1,1,2631,1087,6
7582,0,0,290,4223,6
7583,0,0,2211,95,6
7584,0,0,69,300,6
7585,0,0,1463,5002,6
7586,0,0,1956,1274,6
7587,0,0,3966,4110,6
7588,0,0,3082,7543,6
7589,0,0,3306,393,6
7590,1,0,1899,121,6
7591,1,1,345,5618,6
7592,1,1,3434,2025,6
7593,1,1,2864,7673,6
7594,1,1,4643,1978,6
7595,1,1,4854,2849,6
7596,0,0,4637,6543,6
7597,0,0,3109,7203,6
7598,0,0,2247,5945,6
7599,1,1,3580,5444,6
7600,0,0,3307,6512,6
7601,0,0,2312,947,6
7602,0,0,4637,3441,6
7603,1,0,4190,5022,6
7604,1,0,3598,1828,6
7605,1,1,2867,5495,6
7606,1,1,3435,2612,6
7607,0,0,2085,2744,6
7608,0,0,1388,53,6
7609,0,0,1028,3670,6
7610,1,1,1699,4216,6
7611,0,0,4326,2849,6
7612,0,0,4983,947,6
7613,0,0,227,7406,6
7614,1,1,3193,635,6
7615,1,1,2776,4390,6
7616,0,0,4719,4772,6
7617,0,0,1892,159,6
7618,0,0,4793,1495,6
7619,0,0,4316,3308,6
7620,1,1,2541,1015,6
7621,0,0,3429,6433,6
7622,0,0,480,5889,6
7623,0,0,1548,5103,6
7624,0,0,862,3854,6
7625,1,1,5076,2536,6
7626,1,1,1351,5899,6
7627,1,1,843,2697,6
7628,0,0,520,5737,6
7629,0,0,3586,5002,6
7630,0,0,1277,1274,6
7631,0,0,3951,3638,6
7632,0,0,4892,6944,6
7633,0,0,2369,2448,6
7634,0,0,4458,468,6
7635,0,0,4445,3327,6
7636,0,0,3403,2803,6
7637,0,0,3435,3378,6
7638,1,1,828,2671,6
7639,0,1,4773,159,6
7640,0,0,3773,2685,6
7641,0,0,345,6063,6
7642,1,1,2668,5686,6
7643,0,0,4316,4637,6
7644,0,0,1468,6858,6
7645,0,0,815,5806,6
7646,0,0,510,6754,6
7647,0,0,1562,1169,6
7648,0,0,2029,1385,6
7649,1,1,520,1720,6
7650,0,0,3569,2612,6
7651,0,0,1237,4420,6
7652,0,0,1251,720,6
7653,0,0,290,722,6
7654,0,0,1535,6031,6
7655,1,1,4972,746,6
7656,0,0,3098,192,6
7657,1,1,3348,2030,6
7658,0,0,1442,6046,6
7659,0,0,3259,954,6
7660,0,0,686,6069,6
7661,0,0,4946,5542,6
7662,0,0,1277,2610,6
7663,0,0,1580,1024,6
7664,0,0,2291,3665,6
7665,0,0,3098,1329,6
7666,0,0,2029,104,6
7667,0,0,2031,5229,6
7668,0,0,1836,1275,6
7669,0,0,2038,6079,6
7670,0,0,837,8,6
7671,0,0,4525,6480,6
7672,0,0,3136,4961,6
7673,0,0,1535,1529,6
7674,0,0,290,2186,6
7675,0,0,854,983,6
7676,0,0,3434,6298,6
7677,0,0,1548,4182,6
7678,0,0,1425,3197,6
7679,0,0,3661,7094,6
7680,0,0,2619,7120,6
7681,0,0,4773,1809,6
7682,0,0,4009,6576,6
7683,1,1,3529,4480,6
7684,0,0,854,3061,6
7685,1,1,5105,1778,6
7686,0,0,1311,3025,6
7687,1,0,69,328,6
7688,1,0,69,7150,6
7689,1,1,1850,1033,6
7690,0,0,1311,219,6
7691,1,1,4231,2874,6
7692,0,0,290,3004,6
7693,0,0,4885,1495,6
7694,0,0,4630,5493,6
7695,0,1,1675,4902,6
7696,0,0,3889,544,6
7697,1,1,1677,5719,6
7698,0,0,916,6274,6
7699,0,0,3082,58,6
7700,1,1,1267,1610,6
7701,0,0,2798,7565,6
7702,0,0,2369,4025,6
7703,1,1,3614,3133,6
7704,0,0,862,3946,6
7705,1,1,1251,471,6
7706,1,1,1580,3036,6
7707,1,1,2201,1134,6
7708,0,0,4577,514,6
7709,0,0,3648,3063,6
7710,0,0,1562,7785,6
7711,1,0,2150,1902,6
7712,0,0,2652,4608,6
7713,0,0,1425,989,6
7714,0,0,2549,501,6
7715,0,0,1769,5031,6
7716,0,0,2814,2114,6
7717,1,1,654,4025,6
7718,0,0,228,7424,6
7719,0,0,1593,7406,6
7720,1,1,4637,1071,6
7721,0,0,1755,1200,6
7722,0,0,510,5979,6
7723,0,0,2031,3873,6
7724,0,0,1755,2424,6
7725,1,1,2752,1073,6
7726,0,0,686,4039,6
7727,0,0,64,7788,6
7728,0,0,1755,6715,6
7729,0,0,4036,7169,6
7730,0,0,1956,251,6
7731,0,0,3851,3126,6
7732,0,0,4997,1139,6
7733,0,0,3699,251,6
7734,0,0,2211,5257,6
7735,1,1,2753,4748,6
7736,1,0,2612,4387,6
7737,0,0,3366,571,6
7738,0,0,3827,5731,6
7739,0,0,854,430,6
7740,0,0,1845,6964,6
7741,0,0,1388,886,6
7742,0,0,837,1630,6
7743,0,0,734,1314,6
7744,0,0,4009,1754,6
7745,1,1,2172,3377,6
7746,0,0,4060,5916,6
7747,0,0,3710,7332,6
7748,0,0,118,4055,6
7749,0,0,290,6517,6
7750,1,1,1800,5467,6
7751,0,0,3773,5570,6
7752,0,0,4255,4196,6
7753,1,1,5092,6062,6
7754,0,1,3230,6998,6
7755,1,1,2651,972,6
7756,1,1,4740,4420,6
7757,0,0,2029,1735,6
7758,0,0,519,1215,6
7759,0,0,1353,2778,6
7760,0,0,361,2141,6
7761,0,0,4937,3793,6
7762,0,0,679,7526,6
7763,0,0,1311,4172,6
7764,0,0,4725,2834,6
7765,1,1,1467,12,6
7766,0,0,1588,1934,6
7767,0,0,4885,5932,6
7768,0,0,5059,1807,6
7769,0,0,4009,3117,6
7770,0,0,3471,2812,6
7771,0,0,3082,2682,6
7772,0,0,5048,6576,6
7773,0,0,4793,5112,6
7774,0,0,3777,5428,6
7775,0,0,1388,3555,6
7776,0,0,3098,625,6
7777,1,1,1962,260,6
7778,1,0,3181,2686,6
7779,0,0,1919,4471,6
7780,0,0,3403,7176,6
7781,0,0,4365,1999,6
7782,0,0,1535,5660,6
7783,0,0,1836,1188,6
7784,0,0,2814,3974,6
7785,0,0,1028,3305,6
7786,0,0,734,1715,6
7787,0,0,3131,5921,6
7788,0,0,2312,856,6
7789,0,0,4679,6312,6
7790,1,1,1147,3864,6
7791,1,1,4826,5214,6
7792,1,1,4725,4548,6
7793,1,1,2348,4877,6
7794,0,0,2467,810,6
7795,0,0,3575,1712,6
7796,1,1,1767,3927,6
7797,0,0,3598,3470,6
7798,0,0,3988,5832,6
7799,1,1,3506,6517,6
7800,0,0,1592,414,6
7801,1,1,3456,3330,6
7802,1,1,3215,890,6
7803,0,0,4719,6630,6
7804,0,0,1750,442,6
7805,0,0,2917,669,6
7806,0,1,3513,1522,6
7807,1,0,3732,5789,6
7808,0,0,1277,7619,6
7809,1,1,3708,3152,6
7810,0,0,162,6779,6
7811,0,0,1102,6605,6
7812,0,0,4885,5112,6
7813,0,0,3710,43,6
7814,0,1,353,5672,6
7815,1,1,4630,5487,6
7816,1,1,1614,2572,6
7817,0,0,760,3261,6
7818,1,1,3136,3890,6
7819,0,0,520,5156,6
7820,0,1,228,5831,6
7821,0,0,3708,1570,6
7822,1,1,1786,2578,6
7823,0,0,247,7157,6
7824,0,0,1548,1835,6
7825,0,0,1593,7236,6
7826,1,1,4964,6415,6
7827,0,0,4725,7467,6
7828,0,0,3648,4196,6
7829,1,1,1145,5182,6
7830,0,0,4270,7209,6
7831,0,0,3098,4752,6
7832,1,1,3547,3954,6
7833,1,1,2124,428,6
7834,1,0,2752,829,6
7835,0,0,4793,1827,6
7836,0,0,815,6779,6
7837,0,0,4316,5925,6
7838,1,1,2284,4074,6
7839,1,1,1731,4897,6
7840,0,1,1028,54,6
7841,0,0,2752,1945,6
7842,0,0,411,6933,6
7843,0,0,353,5737,6
7844,0,0,1960,5997,6
7845,1,1,3014,4212,6
7846,0,0,1251,5915,6
7847,0,0,4392,1807,6
7848,0,0,960,3638,6
7849,0,0,247,2161,6
7850,1,1,4746,3888,6
7851,0,0,4690,6215,6
7852,0,0,4211,2512,6
7853,0,0,992,3078,6
7854,0,0,2471,1527,6
7855,1,1,2245,3769,6
7856,0,0,791,6233,6
7857,0,0,5048,2031,6
7858,0,0,290,1200,6
7859,0,0,1592,306,6
7860,0,0,1895,2156,6
7861,1,1,4041,1811,6
7862,0,0,1102,5889,6
7863,1,1,1750,4631,6
7864,0,0,4458,1594,6
7865,0,0,3307,4494,6
7866,1,1,4076,7500,6
7867,1,1,4336,6805,6
7868,0,0,4392,393,6
7869,0,0,1425,5797,6
7870,0,0,2211,3744,6
7871,0,0,1069,6453,6
7872,0,0,1769,7632,6
7873,0,0,1588,6457,6
7874,1,1,4573,2695,6
7875,0,0,2111,3050,6
7876,1,0,2259,73,6
7877,0,0,2752,1764,6
7878,0,0,3693,695,6
7879,1,1,1684,7730,6
7880,1,1,1988,1436,6
7881,1,1,2150,4150,6
7882,0,0,3575,1939,6
7883,0,0,3699,6021,6
7884,1,1,5048,1818,6
7885,0,0,1311,1361,6
7886,1,0,3908,4518,6
7887,0,0,1463,1076,6
7888,1,1,4425,6693,6
7889,1,1,3098,1961,6
7890,0,0,883,1351,6
7891,0,0,4793,2355,6
7892,0,0,862,2836,6
7893,0,1,4983,5176,6
7894,1,1,2619,4894,6
7895,0,0,737,7543,6
7896,0,0,2631,7364,6
7897,0,1,1237,4260,6
7898,0,0,3230,3338,6
7899,1,1,3573,3230,6
7900,0,0,3206,2540,6
7901,1,1,4661,4183,6
7902,0,0,3710,4864,6
7903,1,0,2914,5443,6
7904,0,0,3578,3308,6
7905,0,0,5053,601,6
7906,1,1,4371,1485,6
7907,0,0,2549,4387,6
7908,1,1,2364,4364,6
7909,0,0,569,4150,6
7910,0,0,1003,1393,6
7911,1,1,4679,2789,6
7912,1,1,1592,3947,6
7913,0,0,3575,157,6
7914,0,0,2752,5503,6
7915,0,0,3851,7762,6
7916,1,0,2596,5716,6
7917,0,0,1956,479,6
7918,0,0,916,167,6
7919,1,0,2776,3703,6
7920,0,0,2651,3968,6
7921,1,0,2549,352,6
7922,0,0,1311,2739,6
7923,0,0,3568,6251,6
7924,0,0,2814,3869,6
7925,0,0,1888,7244,6
7926,0,0,3575,1852,6
7927,0,0,4009,1909,6
7928,0,0,1114,6135,6
7929,0,0,4983,4024,6
7930,0,0,862,7193,6
7931,1,1,2031,1845,6
7932,0,0,3434,3679,6
7933,0,0,734,3320,6
7934,0,0,1463,6187,6
7935,0,0,3082,3712,6
7936,0,0,1535,6484,6
7937,1,1,3422,7448,6
7938,0,0,2549,72,6
7939,0,0,1993,4590,6
7940,0,0,862,4136,6
7941,1,1,2730,7776,6
7942,0,1,1173,6984,6
7943,0,0,1958,1052,6
7944,1,1,1634,4206,6
7945,0,1,3403,3247,6
7946,0,0,918,5340,6
7947,0,0,4949,879,6
7948,0,0,788,4074,6
7949,0,0,3412,6535,6
7950,0,0,2172,1474,6
7951,1,1,2146,2193,6
7952,0,0,2211,767,6
7953,0,0,4793,343,6
7954,0,0,1467,2239,6
7955,0,0,4778,1074,6
7956,0,0,1588,6984,6
7957,1,1,1489,42,6
7958,0,0,3726,4267,6
7959,1,1,2893,711,6
7960,0,0,510,1169,6
7961,0,0,4719,453,6
7962,0,0,1145,3466,6
7963,0,0,2814,4978,6
7964,1,1,3755,2452,6
7965,0,0,162,548,6
7966,0,0,4525,501,6
7967,0,0,5059,5156,6
7968,1,1,1996,969,6
7969,0,0,4231,5044,6
7970,0,0,2547,5535,6
7971,0,0,1267,2431,6
7972,0,0,440,1062,2
7973,0,0,842,1050,2
7974,0,0,277,175,2
7975,0,0,913,1065,2
7976,0,0,569,465,2
7977,1,1,483,234,2
7978,1,0,806,840,2
7979,0,0,623,613,2
7980,0,0,681,590,2
7981,0,0,578,723,2
7982,0,0,780,262,2
7983,0,0,895,871,2
7984,0,0,37,640,2
7985,0,0,606,118,2
7986,0,0,663,565,2
7987,0,0,668,567,2
7988,0,0,37,815,2
7989,0,0,1034,791,2
7990,0,0,759,700,2
7991,0,0,297,426,2
7992,0,0,948,96,2
7993,0,0,622,614,2
7994,0,0,975,930,2
7995,0,0,873,644,2
7996,1,1,454,367,2
7997,0,0,438,828,2
7998,0,0,723,620,2
7999,0,0,822,852,2
8000,0,0,614,762,2
8001,0,0,36,173,2
8002,0,0,554,142,2
8003,0,0,970,74,2
8004,0,0,676,430,2
8005,1,1,68,82,2
8006,0,0,1060,534,2
8007,0,0,295,15,2
8008,1,1,971,1057,2
8009,0,0,447,611,2
8010,0,0,547,653,2
8011,0,0,586,620,2
8012,0,0,59,60,2
8013,1,1,835,877,2
8014,0,0,867,878,2
8015,0,0,125,806,2
8016,0,0,146,294,2
8017,0,0,869,651,2
8018,0,0,617,443,2
8019,0,0,245,180,2
8020,0,0,492,851,2
8021,0,0,483,366,2
8022,0,0,727,394,2
8023,0,0,819,637,2
8024,0,0,129,758,2
8025,0,0,822,577,2
8026,0,0,227,214,2
8027,0,0,708,692,2
8028,1,1,150,4,2
8029,0,0,1038,389,2
8030,0,0,3,322,2
8031,0,0,229,292,2
8032,0,0,262,659,2
8033,0,0,350,396,2
8034,0,0,887,692,2
8035,1,0,413,298,2
8036,0,0,103,97,2
8037,0,0,274,144,2
8038,0,0,762,733,2
8039,0,0,900,649,2
8040,0,0,659,104,2
8041,0,0,575,622,2
8042,0,0,821,742,2
8043,0,0,278,602,2
8044,0,0,960,969,2
8045,1,1,873,692,2
8046,0,0,97,431,2
8047,0,0,861,249,2
8048,0,0,723,551,2
8049,0,0,1051,312,2
8050,0,0,403,726,2
8051,0,0,617,685,2
8052,0,0,578,508,2
8053,0,1,180,281,2
8054,1,0,799,792,2
8055,1,1,138,146,2
8056,0,0,272,103,2
8057,0,0,711,256,2
8058,0,0,452,161,2
8059,0,1,509,727,2
8060,0,0,297,1006,2
8061,0,0,317,213,2
8062,0,0,179,174,2
8063,0,0,789,165,2
8064,0,0,313,299,2
8065,0,0,913,1073,2
8066,0,0,997,995,2
8067,1,1,762,732,2
8068,1,1,827,652,2
8069,0,1,499,454,2
8070,1,1,806,793,2
8071,0,0,179,175,2
8072,0,0,821,719,2
8073,0,0,133,398,2
8074,0,0,943,952,2
8075,0,0,419,909,2
8076,0,0,975,857,2
8077,0,0,84,956,2
8078,0,0,173,120,2
8079,0,0,95,1044,2
8080,0,0,614,533,2
8081,0,0,447,251,2
8082,0,0,974,470,2
8083,0,0,509,117,2
8084,0,0,637,566,2
8085,1,0,186,332,2
8086,0,0,453,401,2
8087,0,0,1020,349,2
8088,0,0,633,403,2
8089,0,0,801,836,2
8090,0,0,879,721,2
8091,0,0,9,1023,2
8092,0,0,659,658,2
8093,0,0,328,338,2
8094,0,0,80,253,2
8095,0,0,600,502,2
8096,0,0,821,721,2
8097,0,0,668,802,2
8098,0,0,389,125,2
8099,0,0,399,363,2
8100,0,0,688,812,2
8101,0,0,617,683,2
8102,0,0,441,297,2
8103,0,0,51,82,2
8104,0,0,441,272,2
8105,0,0,488,947,2
8106,0,0,547,558,2
8107,0,0,400,959,2
8108,0,0,857,129,2
8109,0,0,853,188,2
8110,0,0,42,1054,2
8111,0,0,71,62,2
8112,0,0,349,139,2
8113,0,0,869,652,2
8114,0,0,419,907,2
8115,0,0,705,808,2
8116,1,1,821,600,2
8117,0,0,297,747,2
8118,0,0,627,1006,2
8119,0,0,606,585,2
8120,0,0,980,912,2
8121,0,0,653,511,2
8122,0,0,919,1034,2
8123,0,0,139,787,2
8124,0,0,622,613,2
8125,0,0,710,252,2
8126,0,0,309,530,2
8127,0,0,905,648,2
8128,1,1,450,408,2
8129,0,0,376,525,2
8130,0,1,73,164,2
8131,0,0,999,237,2
8132,0,0,229,433,2
8133,1,1,986,864,2
8134,0,0,627,747,2
8135,0,0,277,201,2
8136,0,0,627,994,2
8137,0,0,80,611,2
8138,1,0,696,531,2
8139,1,1,491,860,2
8140,1,0,114,461,2
8141,0,0,448,191,2
8142,0,0,381,330,2
8143,0,1,667,741,2
8144,0,0,95,972,2
8145,1,0,438,453,2
8146,1,1,229,666,2
8147,1,1,586,552,2
8148,0,0,488,946,2
8149,0,0,554,141,2
8150,0,0,997,989,2
8151,0,0,248,245,2
8152,0,0,910,325,2
8153,0,0,543,1073,2
8154,0,0,1020,832,2
8155,1,0,186,331,2
8156,1,0,806,836,2
8157,0,0,37,812,2
8158,0,0,297,787,2
8159,0,0,80,251,2
8160,0,0,351,148,2
8161,0,0,447,973,2
8162,0,0,970,356,2
8163,0,0,101,366,2
8164,0,0,1056,983,2
8165,0,1,33,2,2
8166,0,0,248,386,2
8167,0,0,37,760,2
8168,0,0,143,351,2
8169,0,0,425,1064,2
8170,0,0,499,816,2
8171,1,1,750,561,2
8172,0,0,842,931,2
8173,1,1,879,719,2
8174,0,0,288,1074,2
8175,0,0,798,1014,2
8176,0,0,241,1065,2
8177,0,0,64,199,2
8178,0,0,129,171,2
8179,0,0,737,437,2
8180,1,1,872,731,2
8181,0,0,284,1036,2
8182,0,0,376,354,2
8183,0,0,351,901,2
8184,1,1,875,738,2
8185,1,0,806,839,2
8186,0,0,576,573,2
8187,1,1,720,703,2
8188,0,0,816,790,2
8189,0,0,604,574,2
8190,0,0,586,556,2
8191,0,0,224,440,2
8192,0,0,149,795,2
8193,0,0,68,1038,2
8194,0,0,543,761,2
8195,0,0,275,474,2
8196,0,0,586,325,2
8197,0,0,1040,817,2
8198,1,0,222,55,2
8199,0,0,889,315,2
8200,0,0,73,1042,2
8201,0,0,408,345,2
8202,1,0,875,675,2
8203,0,0,847,704,2
8204,1,1,1057,1019,2
8205,0,0,974,872,2
8206,0,1,65,58,2
8207,0,0,762,730,2
8208,0,0,847,79,2
8209,0,0,309,531,2
8210,0,0,329,453,2
8211,0,0,488,948,2
8212,0,0,106,351,2
8213,0,1,265,120,2
8214,0,0,34,293,2
8215,0,0,639,581,2
8216,0,0,349,129,2
8217,1,1,97,94,2
8218,0,0,210,474,2
8219,0,0,886,751,2
8220,0,0,633,406,2
8221,0,0,835,830,2
8222,1,1,309,257,2
8223,0,0,565,439,2
8224,0,0,581,511,2
8225,0,0,975,929,2
8226,1,1,853,129,2
8227,0,0,277,337,2
8228,0,0,861,72,2
8229,1,1,1010,856,2
8230,1,1,452,369,2
8231,0,0,574,172,2
8232,0,0,288,625,2
8233,0,0,236,800,2
8234,0,0,245,274,2
8235,0,0,64,796,2
8236,0,0,105,346,2
8237,0,0,737,294,2
8238,0,0,827,591,2
8239,0,0,349,185,2
8240,0,0,447,225,2
8241,0,0,272,415,2
8242,1,1,656,581,2
8243,1,1,793,771,2
8244,0,0,538,513,2
8245,0,0,451,1075,2
8246,0,0,750,427,2
8247,0,0,331,533,2
8248,1,0,806,792,2
8249,0,0,659,260,2
8250,0,1,688,819,2
8251,0,0,118,331,2
8252,0,0,1061,878,2
8253,1,0,799,840,2
8254,0,0,425,1025,2
8255,0,0,350,185,2
8256,0,0,627,642,2
8257,0,1,71,115,2
8258,0,0,685,568,2
8259,0,0,403,554,2
8260,0,0,762,74,2
8261,0,0,872,1061,2
8262,1,0,272,184,2
8263,1,1,253,202,2
8264,1,0,799,841,2
8265,0,0,928,896,2
8266,1,1,448,426,2
8267,0,0,242,1048,2
8268,1,1,447,253,2
8269,0,0,492,406,2
8270,0,0,136,147,2
8271,1,1,568,441,2
8272,1,1,486,303,2
8273,0,0,614,146,2
8274,0,0,857,255,2
8275,1,1,867,637,2
8276,0,0,869,750,2
8277,0,0,329,1036,2
8278,0,0,565,442,2
8279,0,0,262,658,2
8280,0,0,728,361,2
8281,0,0,612,676,2
8282,0,0,971,877,2
8283,0,0,539,922,2
8284,0,0,68,760,2
8285,1,1,233,199,2
8286,1,1,522,807,2
8287,0,0,853,301,2
8288,0,0,719,482,2
8289,0,0,249,690,2
8290,0,0,565,574,2
8291,0,0,954,969,2
8292,1,1,1035,958,2
8293,0,0,381,423,2
8294,0,0,819,739,2
8295,0,0,659,657,2
8296,0,1,271,204,2
8297,0,0,180,337,2
8298,0,0,953,109,2
8299,0,0,971,881,2
8300,1,1,287,233,2
8301,0,0,173,25,2
8302,1,1,75,80,2
8303,0,0,592,464,2
8304,0,0,400,348,2
8305,0,0,905,608,2
8306,0,0,42,554,2
8307,0,0,509,460,2
8308,0,1,627,614,2
8309,0,0,1034,803,2
8310,0,0,538,891,2
8311,0,0,708,790,2
8312,0,0,89,433,2
8313,0,0,125,199,2
8314,0,0,331,593,2
8315,1,0,46,170,2
8316,0,0,973,1039,2
8317,0,0,419,771,2
8318,0,0,241,1071,2
8319,0,0,823,1072,2
8320,0,0,798,1013,2
8321,0,0,179,612,2
8322,0,0,316,229,2
8323,0,0,448,147,2
8324,1,0,823,652,2
8325,1,0,955,719,2
8326,0,0,569,439,2
8327,1,1,14,237,2
8328,0,0,752,272,2
8329,0,0,429,8,2
8330,0,0,278,355,2
8331,0,0,419,917,2
8332,0,0,51,429,2
8333,0,0,317,249,2
8334,0,0,728,859,2
8335,0,0,174,9,2
8336,0,0,627,656,2
8337,0,0,686,635,2
8338,0,0,796,718,2
8339,0,0,513,604,2
8340,0,0,778,481,2
8341,0,0,762,728,2
8342,0,0,1035,776,2
8343,0,0,1060,426,2
8344,0,0,796,714,2
8345,0,0,297,994,2
8346,0,0,277,174,2
8347,0,0,798,1017,2
8348,0,0,149,54,2
8349,0,0,928,903,2
8350,0,0,801,842,2
8351,0,0,97,1034,2
8352,0,0,676,87,2
8353,0,0,236,158,2
8354,0,0,37,376,2
8355,0,0,284,834,2
8356,0,0,179,1054,2
8357,0,0,568,439,2
8358,0,0,728,920,2
8359,0,0,179,281,2
8360,0,0,565,468,2
8361,0,0,612,768,2
8362,1,1,554,934,2
8363,0,0,492,410,2
8364,0,0,816,731,2
8365,0,0,139,191,2
8366,0,0,89,96,2
8367,1,1,778,482,2
8368,0,0,821,601,2
8369,0,0,604,153,2
8370,0,0,350,107,2
8371,0,0,1056,445,2
8372,0,0,426,585,2
8373,0,0,614,250,2
8374,0,0,65,25,2
8375,1,1,652,510,2
8376,0,0,919,922,2
8377,0,1,174,145,2
8378,0,0,284,1064,2
8379,0,0,873,790,2
8380,0,0,426,347,2
8381,0,0,136,787,2
8382,0,0,313,140,2
8383,0,0,547,753,2
8384,0,0,919,363,2
8385,0,0,816,773,2
8386,0,0,408,996,2
8387,1,1,964,885,2
8388,1,1,274,285,2
8389,0,0,331,191,2
8390,0,0,578,509,2
8391,0,0,95,1071,2
8392,1,1,350,51,2
8393,1,0,799,839,2
8394,0,0,768,715,2
8395,0,0,887,609,2
8396,0,0,974,577,2
8397,0,0,975,1050,2
8398,0,0,652,528,2
8399,0,0,539,348,2
8400,0,0,180,612,2
8401,0,0,329,477,2
8402,0,0,236,230,2
8403,0,0,685,567,2
8404,0,0,1042,962,2
8405,0,0,84,110,2
8406,0,0,298,614,2
8407,0,0,633,851,2
8408,0,0,410,166,2
8409,1,1,143,135,2
8410,0,0,329,596,2
8411,0,0,106,57,2
8412,1,0,227,586,2
8413,0,0,399,484,2
8414,0,0,1038,826,2
8415,0,0,278,356,2
8416,0,0,296,15,2
8417,0,1,316,211,2
8418,0,0,762,45,2
8419,0,0,287,828,2
8420,0,0,592,472,2
8421,0,0,506,397,2
8422,0,0,997,980,2
8423,0,0,425,828,2
8424,0,0,816,589,2
8425,1,1,653,508,2
8426,0,0,910,513,2
8427,0,0,974,853,2
8428,0,0,207,257,2
8429,1,0,443,388,2
8430,0,0,136,426,2
8431,0,1,767,715,2
8432,0,0,617,482,2
8433,0,0,768,710,2
8434,0,0,622,994,2
8435,0,0,105,56,2
8436,0,0,410,101,2
8437,0,0,1055,760,2
8438,0,0,822,471,2
8439,1,1,1042,974,2
8440,0,0,188,423,2
8441,1,1,262,260,2
8442,0,0,648,565,2
8443,0,0,953,887,2
8444,0,0,913,1008,2
8445,0,0,727,875,2
8446,0,0,451,1013,2
8447,0,0,161,390,2
8448,0,0,887,40,2
8449,0,0,1038,383,2
8450,0,0,905,850,2
8451,0,0,288,627,2
8452,0,0,298,328,2
8453,0,0,606,175,2
8454,0,1,913,1007,2
8455,0,0,453,202,2
8456,0,0,676,115,2
8457,0,0,650,988,2
8458,0,0,639,582,2
8459,0,0,1055,638,2
8460,0,0,499,455,2
8461,0,0,909,427,2
8462,0,0,224,18,2
8463,0,0,663,567,2
8464,0,0,801,669,2
8465,0,0,488,951,2
8466,0,0,522,888,2
8467,0,0,728,319,2
8468,1,0,801,845,2
8469,0,0,936,646,2
8470,0,0,970,73,2
8471,0,0,681,693,2
8472,0,0,295,787,2
8473,0,0,1027,69,2
8474,0,0,676,170,2
8475,0,0,710,531,2
8476,1,1,600,507,2
8477,0,0,84,1034,2
8478,1,1,676,960,2
8479,0,0,125,1004,2
8480,1,0,799,837,2
8481,0,0,348,413,2
8482,0,0,227,237,2
8483,0,0,418,615,2
8484,0,0,568,457,2
8485,0,0,1038,265,2
8486,0,0,913,1044,2
8487,1,1,673,676,2
8488,0,0,89,431,2
8489,0,0,688,639,2
8490,0,1,909,829,2
8491,1,1,659,659,2
8492,0,0,139,14,2
8493,0,0,443,396,2
8494,0,0,138,190,2
8495,0,0,513,229,2
8496,0,0,348,84,2
8497,1,1,757,697,2
8498,0,0,438,233,2
8499,0,0,796,720,2
8500,0,0,186,79,2
8501,0,0,928,737,2
8502,0,0,223,780,2
8503,0,0,843,866,2
8504,0,0,37,818,2
8505,0,0,568,469,2
8506,1,1,537,514,2
8507,1,1,376,414,2
8508,0,0,223,136,2
8509,0,0,265,25,2
8510,0,0,1000,913,2
8511,0,0,1034,804,2
8512,0,0,372,819,2
8513,0,0,133,166,2
8514,0,0,37,636,2
8515,0,0,1038,822,2
8516,0,0,150,132,2
8517,0,0,842,930,2
8518,0,0,297,642,2
8519,0,0,103,133,2
8520,0,0,915,676,2
8521,0,0,816,711,2
8522,0,0,233,1005,2
8523,0,0,441,296,2
8524,0,0,452,202,2
8525,0,0,967,159,2
8526,0,1,278,220,2
8527,0,0,513,605,2
8528,0,0,976,942,2
8529,1,1,930,892,2
8530,0,0,372,636,2
8531,0,0,174,15,2
8532,0,0,354,148,2
8533,0,0,948,433,2
8534,0,0,953,110,2
8535,0,0,265,152,2
8536,0,0,827,751,2
8537,0,0,759,709,2
8538,0,0,696,547,2
8539,0,0,953,1034,2
8540,0,0,227,1053,2
8541,0,0,509,603,2
8542,0,0,349,51,2
8543,0,0,317,603,2
8544,0,0,592,466,2
8545,0,0,160,896,2
8546,0,0,719,476,2
8547,0,0,967,252,2
8548,0,0,547,497,2
8549,0,0,719,475,2
8550,0,0,1000,915,2
8551,0,0,441,271,2
8552,0,0,847,699,2
8553,0,0,136,14,2
8554,1,1,426,384,2
8555,0,1,557,1070,2
8556,0,0,729,337,2
8557,1,1,953,922,2
8558,0,0,1061,637,2
8559,0,0,115,785,2
8560,0,0,976,943,2
8561,0,0,856,73,2
8562,0,0,430,803,2
8563,0,0,1010,316,2
8564,0,1,293,1042,2
8565,0,0,376,369,2
8566,0,0,889,770,2
8567,1,1,210,6,2
8568,0,0,483,36,2
8569,0,1,419,326,2
8570,0,0,309,252,2
8571,0,0,668,571,2
8572,0,0,842,926,2
8573,0,0,954,971,2
8574,0,0,438,371,2
8575,0,0,262,657,2
8576,0,0,976,982,2
8577,1,1,160,182,2
8578,0,0,350,17,2
8579,0,0,686,773,2
8580,0,1,272,764,2
8581,0,0,592,238,2
8582,0,0,103,993,2
8583,1,1,471,537,2
8584,0,0,183,272,2
8585,0,0,316,247,2
8586,1,1,381,332,2
8587,1,1,385,290,2
8588,0,0,597,901,2
8589,0,0,1037,311,2
8590,1,1,106,56,2
8591,0,0,857,628,2
8592,0,0,623,642,2
8593,0,0,64,795,2
8594,0,0,9,1021,2
8595,0,0,936,526,2
8596,0,0,739,427,2
8597,1,0,101,55,2
8598,0,0,999,59,2
8599,0,0,930,896,2
8600,0,0,967,529,2
8601,0,0,491,861,2
8602,0,0,114,1014,2
8603,0,0,238,381,2
8604,0,0,762,39,2
8605,0,0,174,11,2
8606,1,1,429,347,2
8607,0,0,1051,654,2
8608,0,0,652,547,2
8609,0,0,627,643,2
8610,0,0,660,104,2
8611,0,0,97,92,2
8612,0,0,827,1072,2
8613,1,1,446,647,2
8614,0,0,1019,699,2
8615,1,1,146,79,2
8616,0,0,1002,342,2
8617,0,0,648,571,2
8618,0,0,936,265,2
8619,0,0,953,955,2
8620,0,0,95,1007,2
8621,0,0,673,505,2
8622,0,0,64,143,2
8623,0,0,149,142,2
8624,0,0,762,327,2
8625,0,0,816,635,2
8626,0,0,84,957,2
8627,0,0,265,137,2
8628,0,0,696,26,2
8629,0,0,568,463,2
8630,0,0,622,32,2
8631,0,0,416,272,2
8632,1,1,1041,962,2
8633,0,0,710,527,2
8634,0,0,685,582,2
8635,1,1,798,1015,2
8636,0,0,224,285,2
8637,0,0,492,860,2
8638,0,0,913,965,2
8639,0,0,728,462,2
8640,0,0,1039,1026,2
8641,0,0,36,741,2
8642,0,0,936,541,2
8643,0,0,408,935,2
8644,0,0,509,212,2
8645,0,0,663,568,2
8646,0,0,312,107,2
8647,0,0,316,212,2
8648,0,0,278,440,2
8649,0,0,867,678,2
8650,0,0,569,449,2
8651,0,0,106,197,2
8652,0,0,728,731,2
8653,0,0,919,484,2
8654,0,0,1035,95,2
8655,0,0,331,146,2
8656,0,0,329,233,2
8657,0,0,948,666,2
8658,0,0,539,905,2
8659,0,0,798,1029,2
8660,0,0,223,641,2
8661,0,0,222,234,2
8662,0,0,71,60,2
8663,0,0,447,153,2
8664,0,0,614,147,2
8665,1,1,633,410,2
8666,0,0,895,900,2
8667,0,0,471,638,2
8668,0,0,750,529,2
8669,0,0,279,1074,2
8670,1,0,806,835,2
8671,0,0,586,88,2
8672,1,1,954,1011,2
8673,0,0,750,230,2
8674,1,1,149,796,2
8675,0,0,976,992,2
8676,0,0,453,458,2
8677,0,0,936,826,2
8678,0,0,847,423,2
8679,1,1,133,101,2
8680,0,0,400,484,2
8681,0,0,581,510,2
8682,0,1,277,281,2
8683,0,0,101,149,2
8684,0,0,641,485,2
8685,1,1,723,722,2
8686,0,0,245,877,2
8687,0,0,304,176,2
8688,0,0,1039,596,2
8689,0,1,461,627,2
8690,0,0,728,470,2
8691,0,0,720,463,2
8692,0,0,971,961,2
8693,0,0,222,67,2
8694,0,0,576,936,2
8695,1,1,348,421,2
8696,0,0,650,996,2
8697,0,0,509,548,2
8698,0,0,759,701,2
8699,0,0,872,589,2
8700,0,0,568,442,2
8701,0,0,146,413,2
8702,0,1,238,424,2
8703,0,0,1039,834,2
8704,0,1,400,363,2
8705,0,0,960,970,2
8706,0,0,86,431,2
8707,0,0,967,800,2
8708,0,0,623,994,2
8709,0,0,964,886,2
8710,0,0,853,185,2
8711,0,0,418,825,2
8712,0,1,513,633,2
8713,0,0,1039,371,2
8714,0,0,889,1061,2
8715,0,0,138,250,2
8716,0,1,612,737,2
8717,0,1,895,879,2
8718,0,0,317,247,2
8719,0,0,600,506,2
8720,0,0,317,212,2
8721,0,0,491,851,2
8722,0,0,1010,809,2
8723,0,0,1027,244,2
8724,0,0,438,1025,2
8725,0,0,848,624,2
8726,0,0,351,483,2
8727,1,1,181,232,2
8728,0,0,293,960,2
8729,0,0,801,837,2
8730,0,0,869,1072,2
8731,1,1,681,801,2
8732,1,1,539,484,2
8733,0,1,604,611,2
8734,0,0,68,112,2
8735,0,0,186,151,2
8736,0,0,569,463,2
8737,1,0,806,841,2
8738,0,0,418,406,2
8739,0,0,150,195,2
8740,0,0,513,213,2
8741,0,0,172,372,2
8742,0,0,249,271,2
8743,0,0,759,235,2
8744,0,0,668,590,2
8745,0,0,483,55,2
8746,1,1,37,8,2
8747,0,0,650,777,2
8748,0,0,447,241,2
8749,1,1,124,53,2
8750,1,0,283,1054,2
8751,0,1,329,834,2
8752,0,0,853,550,2
8753,0,0,750,530,2
8754,0,0,430,973,2
8755,0,0,954,970,2
8756,0,0,419,908,2
8757,1,1,279,195,2
8758,0,0,416,222,2
8759,0,0,757,700,2
8760,0,0,249,298,2
8761,0,0,506,477,2
8762,1,0,317,229,2
8763,1,1,55,50,2
8764,0,0,737,362,2
8765,0,0,419,772,2
8766,1,0,853,140,2
8767,0,0,372,639,2
8768,0,0,1019,645,2
8769,0,1,928,893,2
8770,0,0,506,828,2
8771,0,0,597,345,2
8772,0,0,80,592,2
8773,0,0,95,968,2
8774,0,0,779,262,2
8775,1,1,575,882,2
8776,0,0,910,620,2
8777,0,0,46,60,2
8778,0,0,676,60,2
8779,1,0,768,687,2
8780,0,0,271,205,2
8781,0,0,1055,376,2
8782,0,0,565,438,2
8783,1,0,248,385,2
8784,0,0,33,325,2
8785,0,0,660,657,2
8786,0,0,867,876,2
8787,0,0,242,208,2
8788,0,0,970,39,2
8789,0,1,34,10,2
8790,0,0,498,456,2
8791,1,0,650,1055,2
8792,0,0,16,218,2
8793,0,0,652,511,2
8794,0,0,1061,675,2
8795,0,0,271,489,2
8796,0,0,313,296,2
8797,0,0,964,452,2
8798,0,0,848,921,2
8799,0,0,1027,243,2
8800,1,0,799,836,2
8801,0,0,586,1066,2
8802,0,0,637,802,2
8803,0,0,403,766,2
8804,0,0,723,552,2
8805,0,0,903,68,2
8806,0,1,224,75,2
8807,0,0,930,893,2
8808,0,0,118,332,2
8809,1,1,565,465,2
8810,0,0,446,1053,2
8811,0,0,216,388,2
8812,0,0,967,257,2
8813,0,0,612,896,2
8814,0,0,886,652,2
8815,0,0,1002,345,2
8816,0,0,245,163,2
8817,0,0,138,191,2
8818,1,1,502,754,2
8819,0,0,971,1053,2
8820,0,0,430,791,2
8821,0,0,440,248,2
8822,0,0,461,626,2
8823,0,0,453,424,2
8824,0,0,856,139,2
8825,0,0,819,707,2
8826,1,1,59,62,2
8827,1,0,443,386,2
8828,0,0,238,369,2
8829,1,1,886,750,2
8830,0,0,592,920,2
8831,0,0,499,817,2
8832,0,0,381,306,2
8833,0,0,614,191,2
8834,0,0,557,352,2
8835,0,0,886,650,2
8836,0,0,1019,832,2
8837,0,0,973,844,2
8838,0,0,249,299,2
8839,0,0,227,1052,2
8840,0,0,953,90,2
8841,0,0,36,417,2
8842,1,1,970,327,2
8843,0,0,36,804,2
8844,0,0,1050,749,2
8845,1,0,879,742,2
8846,1,1,816,769,2
8847,1,1,51,112,2
8848,0,0,518,205,2
8849,1,1,1034,973,2
8850,0,0,565,441,2
8851,1,1,641,575,2
8852,0,0,798,831,2
8853,0,0,420,647,2
8854,0,0,249,689,2
8855,1,1,103,403,2
8856,0,1,686,711,2
8857,1,1,115,264,2
8858,0,0,452,368,2
8859,0,0,641,944,2
8860,0,0,262,259,2
8861,0,0,498,454,2
8862,1,1,213,262,2
8863,0,0,739,257,2
8864,0,0,768,671,2
8865,1,0,930,894,2
8866,0,0,1019,541,2
8867,0,0,873,609,2
8868,0,0,539,363,2
8869,0,0,89,666,2
8870,0,0,425,834,2
8871,0,0,975,926,2
8872,0,0,316,603,2
8873,0,0,719,494,2
8874,0,0,429,384,2
8875,0,1,558,335,2
8876,1,1,887,790,2
8877,0,0,183,728,2
8878,0,0,149,794,2
8879,0,0,909,511,2
8880,0,0,597,360,2
8881,0,0,305,169,2
8882,0,0,354,483,2
8883,0,0,452,458,2
8884,1,1,660,658,2
8885,0,0,248,206,2
8886,0,0,297,613,2
8887,1,0,222,366,2
8888,0,0,262,127,2
8889,1,1,223,428,2
8890,0,0,1019,1047,2
8891,0,0,1057,68,2
8892,0,0,835,820,2
8893,0,0,1061,735,2
8894,0,0,975,858,2
8895,0,0,80,574,2
8896,0,0,253,219,2
8897,0,0,547,502,2
8898,0,0,1019,833,2
8899,0,0,576,172,2
8900,0,0,160,737,2
8901,0,0,822,870,2
8902,0,0,34,32,2
8903,0,0,89,958,2
8904,0,0,597,667,2
8905,0,0,227,587,2
8906,1,0,856,140,2
8907,0,0,676,164,2
8908,0,0,816,1033,2
8909,0,0,101,113,2
8910,0,0,372,8,2
8911,0,0,910,722,2
8912,1,0,425,1026,2
8913,0,0,847,151,2
8914,0,0,727,435,2
8915,0,0,160,415,2
8916,0,0,138,32,2
8917,0,0,1020,541,2
8918,0,0,750,950,2
8919,0,0,910,511,2
8920,0,0,288,626,2
8921,0,0,350,183,2
8922,0,0,975,928,2
8923,0,0,249,297,2
8924,0,0,727,421,2
8925,0,0,284,477,2
8926,0,0,653,546,2
8927,0,0,95,1040,2
8928,0,0,778,476,2
8929,0,0,586,551,2
8930,0,0,780,1028,2
8931,0,0,483,113,2
8932,0,0,1057,49,2
8933,0,0,298,643,2
8934,0,0,1011,743,2
8935,1,1,413,299,2
8936,0,0,372,818,2
8937,0,0,604,592,2
8938,0,0,288,724,2
8939,0,0,796,42,2
8940,1,0,416,255,2
8941,0,0,114,1013,2
8942,0,0,309,800,2
8943,0,0,101,67,2
8944,0,0,889,314,2
8945,1,0,518,492,2
8946,0,0,229,198,2
8947,0,0,491,654,2
8948,1,1,245,169,2
8949,0,0,879,600,2
8950,0,0,637,591,2
8951,0,1,89,198,2
8952,0,0,272,203,2
8953,0,0,650,345,2
8954,0,0,389,276,2
8955,0,0,660,661,2
8956,0,0,617,897,2
8957,0,0,89,956,2
8958,0,0,916,76,2
8959,0,0,727,436,2
8960,1,1,708,609,2
8961,0,0,759,301,2
8962,0,0,976,898,2
8963,0,0,575,447,2
8964,1,0,180,175,2
8965,1,1,136,191,2
8966,0,0,842,858,2
8967,0,0,262,783,2
8968,0,0,538,510,2
8969,1,1,82,124,2
8970,0,0,641,576,2
8971,1,1,506,1064,2
8972,0,0,867,734,2
8973,0,0,641,941,2
8974,0,0,115,162,2
8975,0,1,441,299,2
8976,0,0,768,709,2
8977,0,0,348,313,2
8978,0,0,36,416,2
8979,0,0,174,334,2
8980,0,0,447,78,2
8981,0,0,174,10,2
8982,0,0,453,414,2
8983,1,1,145,84,2
8984,0,0,964,457,2
8985,0,0,913,409,2
8986,0,0,659,783,2
8987,1,1,227,588,2
8988,0,0,648,708,2
8989,0,0,1010,1061,2
8990,0,0,283,24,2
8991,0,1,317,211,2
8992,0,0,71,176,2
8993,0,0,799,842,2
8994,0,0,1056,447,2
8995,0,0,149,143,2
8996,0,0,502,122,2
8997,0,0,659,661,2
8998,0,0,685,583,2
8999,0,0,739,230,2
9000,0,0,114,1075,2
9001,0,0,586,555,2
9002,0,0,216,386,2
9003,1,1,1037,977,2
9004,0,1,354,360,2
9005,0,0,905,581,2
9006,0,0,685,895,2
9007,0,0,659,128,2
9008,0,0,441,396,2
9009,0,0,80,241,2
9010,0,0,915,677,2
9011,0,0,328,1010,2
9012,0,0,133,182,2
9013,0,0,617,479,2
9014,0,0,813,516,2
9015,1,1,418,861,2
9016,0,0,399,923,2
9017,0,0,999,403,2
9018,0,0,80,153,2
9019,0,0,792,966,2
9020,0,1,976,941,2
9021,0,0,819,672,2
9022,1,0,799,793,2
9023,0,0,233,54,2
9024,0,0,1050,600,2
9025,0,0,349,107,2
9026,1,1,438,1026,2
9027,0,1,179,337,2
9028,0,0,354,622,2
9029,0,0,539,887,2
9030,0,0,159,805,2
9031,1,1,987,909,2
9032,0,0,750,159,2
9033,1,1,331,250,2
9034,0,0,688,287,2
9035,0,1,84,109,2
9036,1,1,597,483,2
9037,0,0,604,241,2
9038,0,0,762,729,2
9039,0,0,622,328,2
9040,0,0,483,49,2
9041,0,0,681,765,2
9042,1,0,696,530,2
9043,0,0,316,604,2
9044,0,0,506,453,2
9045,0,0,376,458,2
9046,0,0,592,361,2
9047,0,0,612,1069,2
9048,0,0,249,1002,2
9049,0,0,440,1063,2
9050,0,0,976,944,2
9051,0,0,312,297,2
9052,0,0,86,432,2
9053,0,0,400,905,2
9054,0,0,798,778,2
9055,1,0,216,387,2
9056,0,1,903,73,2
9057,0,0,453,161,2
9058,0,1,297,328,2
9059,0,1,399,348,2
9060,1,1,1051,473,2
9061,0,0,663,617,2
9062,0,0,903,602,2
9063,0,0,115,219,2
9064,0,0,223,223,2
9065,0,0,451,824,2
9066,0,0,180,174,2
9067,0,0,236,496,2
9068,0,0,313,51,2
9069,0,0,65,1066,2
9070,0,0,146,423,2
9071,0,0,565,88,2
9072,1,1,543,698,2
9073,0,0,145,108,2
9074,0,0,429,1059,2
9075,0,0,1027,1004,2
9076,0,0,976,485,2
9077,0,0,574,667,2
9078,0,0,310,774,2
9079,0,0,298,787,2
9080,0,0,597,823,2
9081,0,0,953,956,2
9082,0,0,953,958,2
9083,0,0,623,656,2
9084,0,0,928,768,2
9085,0,0,789,1031,2
9086,0,0,1011,744,2
9087,0,0,663,616,2
9088,1,0,727,275,2
9089,0,0,161,122,2
9090,1,1,942,966,2
9091,0,0,186,330,2
9092,0,0,150,1,2
9093,1,1,801,848,2
9094,0,0,159,803,2
9095,0,0,641,486,2
9096,0,0,648,566,2
9097,0,0,452,414,2
9098,0,0,813,321,2
9099,0,0,710,230,2
9100,1,0,578,986,2
9101,1,1,420,357,2
9102,1,0,686,713,2
9103,0,0,557,20,2
9104,0,1,216,206,2
9105,0,0,125,795,2
9106,0,0,650,798,2
9107,0,0,688,818,2
9108,1,0,309,230,2
9109,1,1,451,1029,2
9110,1,1,663,580,2
9111,1,1,283,425,2
9112,1,1,799,835,2
9113,1,1,42,24,2
9114,1,0,438,477,2
9115,1,0,707,679,2
9116,0,0,46,176,2
9117,0,0,351,172,2
9118,0,0,543,938,2
9119,0,0,350,66,2
9120,0,0,1000,912,2
9121,0,0,383,122,2
9122,0,0,1038,537,2
9123,0,0,14,214,2
9124,0,0,895,989,2
9125,0,0,543,123,2
9126,1,1,288,789,2
9127,0,0,146,5,2
9128,0,0,229,955,2
9129,0,0,64,799,2
9130,0,0,14,1059,2
9131,0,0,84,955,2
9132,0,0,705,758,2
9133,0,0,650,342,2
9134,0,1,915,679,2
9135,0,0,287,371,2
9136,1,1,710,562,2
9137,0,0,879,749,2
9138,0,0,861,212,2
9139,1,1,960,971,2
9140,0,0,612,893,2
9141,0,0,309,26,2
9142,1,1,1040,1031,2
9143,0,0,853,222,2
9144,0,0,793,966,2
9145,0,0,272,177,2
9146,0,0,903,39,2
9147,1,1,1061,876,2
9148,0,0,971,357,2
9149,0,0,538,546,2
9150,0,0,274,187,2
9151,0,0,905,649,2
9152,0,0,539,923,2
9153,1,1,125,794,2
9154,0,0,329,1026,2
9155,1,0,768,688,2
9156,0,0,627,613,2
9157,0,0,288,132,2
9158,0,0,207,88,2
9159,0,0,309,427,2
9160,1,1,592,467,2
9161,0,0,663,634,2
9162,0,0,569,438,2
9163,1,1,574,622,2
9164,0,0,114,1029,2
9165,0,0,253,423,2
9166,0,0,159,791,2
9167,0,0,1037,975,2
9168,1,1,129,118,2
9169,0,0,614,593,2
9170,0,0,685,617,2
9171,0,0,1042,606,2
9172,0,0,376,202,2
9173,0,0,36,803,2
9174,0,0,1051,410,2
9175,1,1,916,873,2
9176,0,0,145,423,2
9177,1,1,1020,412,2
9178,0,0,973,648,2
9179,0,0,975,927,2
9180,0,0,627,663,2
9181,1,1,729,570,2
9182,1,1,1019,646,2
9183,0,0,875,739,2
9184,0,0,1034,797,2
9185,0,0,438,397,2
9186,0,0,287,477,2
9187,1,1,617,494,2
9188,0,0,639,708,2
9189,1,1,848,618,2
9190,0,0,159,973,2
9191,0,0,974,810,2
9192,0,0,452,424,2
9193,0,0,910,752,2
9194,0,0,253,525,2
9195,0,0,452,381,2
9196,0,0,660,128,2
9197,0,0,739,562,2
9198,0,0,313,66,2
9199,0,0,287,1025,2
9200,0,0,381,79,2
9201,0,0,980,917,2
9202,0,0,821,705,2
9203,0,0,149,799,2
9204,0,0,767,690,2
9205,0,0,249,296,2
9206,0,0,241,409,2
9207,1,1,1000,907,2
9208,0,0,154,446,2
9209,1,0,875,680,2
9210,1,1,114,1016,2
9211,0,0,673,677,2
9212,1,1,1006,739,2
9213,0,0,376,424,2
9214,0,0,271,193,2
9215,0,0,1061,739,2
9216,0,0,547,498,2
9217,0,0,895,880,2
9218,0,0,106,331,2
9219,1,1,312,66,2
9220,0,0,1010,770,2
9221,0,0,727,313,2
9222,0,0,125,799,2
9223,1,1,1036,921,2
9224,0,0,298,613,2
9225,0,1,919,959,2
9226,0,0,848,560,2
9227,1,1,443,385,2
9228,0,0,974,870,2
9229,0,0,705,1049,2
9230,0,0,227,403,2
9231,0,1,268,432,2
9232,0,0,537,620,2
9233,0,0,875,876,2
9234,0,0,253,332,2
9235,0,0,89,292,2
9236,0,0,331,532,2
9237,1,1,843,858,2
9238,0,0,750,800,2
9239,0,0,889,856,2
9240,1,0,928,892,2
9241,0,0,207,800,2
9242,0,0,400,923,2
9243,0,0,42,756,2
9244,0,0,389,906,2
9245,0,0,351,360,2
9246,0,0,312,296,2
9247,0,0,492,825,2
9248,0,0,919,348,2
9249,1,0,114,365,2
9250,0,0,633,654,2
9251,0,0,287,596,2
9252,0,0,915,1069,2
9253,0,0,329,828,2
9254,0,0,95,965,2
9255,1,0,768,690,2
9256,0,0,499,456,2
9257,0,0,819,734,2
9258,0,0,569,468,2
9259,0,0,381,307,2
9260,0,1,383,336,2
9261,0,0,873,40,2
9262,1,1,188,5,2
9263,1,1,49,88,2
9264,0,0,348,779,2
9265,0,0,639,608,2
9266,0,0,980,907,2
9267,0,0,1055,123,2
9268,1,1,1039,1025,2
9269,0,0,975,866,2
9270,0,0,282,138,2
9271,0,0,297,643,2
9272,0,0,284,1026,2
9273,0,0,1020,646,2
9274,0,0,454,264,2
9275,0,0,248,388,2
9276,0,0,383,390,2
9277,1,1,728,472,2
9278,0,0,136,190,2
9279,0,0,719,478,2
9280,0,0,1041,736,2
9281,0,0,174,293,2
9282,0,0,872,159,2
9283,0,0,980,772,2
9284,0,0,633,312,2
9285,0,0,522,820,2
9286,1,1,410,398,2
9287,0,0,282,584,2
9288,1,1,19,824,2
9289,0,0,806,842,2
9290,0,0,778,444,2
9291,1,1,869,650,2
9292,1,1,64,54,2
9293,0,0,1000,916,2
9294,0,0,857,188,2
9295,1,0,576,882,2
9296,1,1,948,955,2
9297,0,1,80,78,2
9298,0,1,36,34,2
9299,0,0,719,479,2
9300,0,0,68,811,2
9301,0,0,919,923,2
9302,0,0,1019,412,2
9303,0,0,272,102,2
9304,0,0,278,774,2
9305,0,0,399,959,2
9306,1,0,575,667,2
9307,1,0,46,115,2
9308,0,0,420,881,2
9309,0,0,879,601,2
9310,0,0,233,69,2
9311,0,0,575,573,2
9312,1,1,796,41,2
9313,1,1,95,409,2
9314,0,0,84,94,2
9315,1,1,16,59,2
9316,0,0,502,336,2
9317,1,1,727,413,2
9318,0,0,875,672,2
9319,0,0,34,334,2
9320,0,0,420,1057,2
9321,0,0,543,954,2
9322,0,0,606,171,2
9323,0,0,604,225,2
9324,0,0,668,765,2
9325,0,0,973,850,2
9326,0,0,617,444,2
9327,1,1,9,134,2
9328,0,0,685,569,2
9329,1,0,696,529,2
9330,0,0,819,738,2
9331,0,1,416,301,2
9332,0,0,105,130,2
9333,1,0,385,37,2
9334,1,1,284,397,2
9335,0,0,509,228,2
9336,0,0,329,371,2
9337,0,0,822,872,2
9338,1,1,813,748,2
9339,0,0,238,401,2
9340,0,0,1039,233,2
9341,0,0,796,717,2
9342,1,1,372,287,2
9343,0,0,354,901,2
9344,0,0,578,978,2
9345,0,0,222,36,2
9346,1,0,578,891,2
9347,0,0,381,156,2
9348,0,0,1042,158,2
9349,1,0,229,96,2
9350,0,0,547,500,2
9351,0,0,14,97,2
9352,0,0,798,194,2
9353,0,0,238,525,2
9354,0,0,272,420,2
9355,0,0,419,910,2
9356,0,0,728,471,2
9357,1,1,581,546,2
9358,0,0,887,644,2
9359,0,0,835,888,2
9360,1,1,696,527,2
9361,0,0,502,390,2
9362,0,1,752,740,2
9363,0,0,293,359,2
9364,0,0,1020,833,2
9365,0,0,1035,662,2
9366,1,1,298,280,2
9367,0,0,668,565,2
9368,0,0,488,873,2
9369,0,0,136,15,2
9370,0,0,304,430,2
9371,0,0,283,570,2
9372,0,0,413,221,2
9373,0,0,238,368,2
9374,0,0,778,479,2
9375,1,1,173,152,2
9376,0,0,696,252,2
9377,0,0,660,660,2
9378,1,0,329,1025,2
9379,0,0,312,51,2
9380,0,0,710,800,2
9381,0,0,919,887,2
9382,0,0,71,164,2
9383,0,0,997,594,2
9384,0,0,895,538,2
9385,0,0,304,1051,2
9386,1,1,861,460,2
9387,0,0,660,260,2
9388,0,0,233,795,2
9389,0,0,816,713,2
9390,0,0,173,137,2
9391,0,0,538,829,2
9392,1,1,158,7,2
9393,1,1,596,869,2
9394,0,0,418,860,2
9395,0,0,688,636,2
9396,0,0,268,91,2
9397,1,1,759,694,2
9398,0,0,34,145,2
9399,0,0,1010,314,2
9400,0,0,750,531,2
9401,0,0,174,329,2
9402,1,0,886,651,2
9403,0,0,183,222,2
9404,0,0,688,640,2
9405,1,1,161,415,2
9406,0,0,145,421,2
9407,1,1,975,931,2
9408,0,0,42,726,2
9409,0,0,660,127,2
9410,0,0,538,509,2
9411,0,0,179,201,2
9412,0,0,238,414,2
9413,1,1,623,643,2
9414,0,0,492,615,2
9415,0,0,848,937,2
9416,0,0,676,359,2
9417,0,0,283,277,2
9418,0,0,1050,742,2
9419,1,1,823,651,2
9420,0,0,578,546,2
9421,0,0,80,225,2
9422,0,0,688,813,2
9423,0,0,967,230,2
9424,0,0,236,257,2
9425,0,0,64,806,2
9426,0,0,835,1049,2
9427,0,0,547,499,2
9428,0,0,471,383,2
9429,0,0,604,226,2
9430,0,0,233,794,2
9431,0,0,418,312,2
9432,0,0,297,614,2
9433,0,0,648,569,2
9434,0,0,441,221,2
9435,0,0,537,524,2
9436,0,0,778,443,2
9437,0,0,554,244,2
9438,0,0,739,800,2
9439,1,1,980,919,2
9440,0,0,522,758,2
9441,0,0,578,522,2
9442,0,0,236,974,2
9443,0,0,729,201,2
9444,0,0,3,237,2
9445,0,0,242,261,2
9446,0,0,685,708,2
9447,0,0,569,441,2
9448,0,0,118,330,2
9449,0,0,719,481,2
9450,0,0,905,708,2
9451,1,0,425,453,2
9452,0,0,222,113,2
9453,0,1,498,455,2
9454,1,1,648,582,2
9455,1,0,413,1002,2
9456,1,0,801,849,2
9457,0,0,42,446,2
9458,0,0,233,806,2
9459,0,0,680,801,2
9460,0,0,928,894,2
9461,0,0,506,1026,2
9462,0,0,376,381,2
9463,0,0,216,207,2
9464,0,0,416,302,2
9465,0,0,976,575,2
9466,1,1,118,307,2
9467,0,0,1060,787,2
9468,0,0,46,430,2
9469,1,1,857,550,2
9470,1,1,172,131,2
9471,0,0,348,98,2
9472,0,0,1051,851,2
9473,0,0,886,1072,2
9474,1,1,576,667,2
9475,0,0,612,767,2
9476,0,0,778,475,2
9477,0,0,668,693,2
9478,0,0,872,257,2
9479,0,0,461,629,2
9480,0,0,623,614,2
9481,0,0,46,359,2
9482,0,0,827,651,2
9483,1,1,847,294,2
9484,0,0,125,54,2
9485,0,0,183,301,2
9486,0,0,997,595,2
9487,0,0,284,453,2
9488,0,0,84,958,2
9489,0,0,416,246,2
9490,0,0,623,1006,2
9491,0,0,723,736,2
9492,0,0,723,752,2
9493,1,1,561,444,2
9494,0,0,819,675,2
9495,0,0,708,40,2
9496,0,0,928,767,2
9497,0,0,557,19,2
9498,0,0,16,448,2
9499,0,0,537,513,2
9500,0,0,768,712,2
9501,0,0,967,531,2
9502,0,0,597,936,2
9503,0,0,842,929,2
9504,0,0,538,427,2
9505,0,0,623,328,2
9506,0,0,139,426,2
9507,0,0,569,457,2
9508,0,0,652,529,2
9509,0,0,565,469,2
9510,0,0,600,495,2
9511,0,0,103,1052,2
9512,0,0,930,903,2
9513,1,1,313,107,2
9514,0,0,180,201,2
9515,0,0,919,905,2
9516,0,0,84,887,2
9517,0,0,903,774,2
9518,0,0,213,830,2
9519,0,0,454,458,2
9520,0,0,426,1059,2
9521,0,0,875,735,2
9522,1,1,453,381,2
9523,0,0,430,804,2
9524,0,0,317,228,2
9525,0,1,488,945,2
9526,0,0,452,401,2
9527,0,0,1027,379,2
9528,1,1,241,1044,2
9529,0,0,653,510,2
9530,0,0,686,589,2
9531,1,1,974,852,2
9532,0,0,34,9,2
9533,0,0,349,66,2
9534,0,0,822,853,2
9535,0,0,443,206,2
9536,1,1,614,532,2
9537,0,0,538,524,2
9538,0,0,203,398,2
9539,0,0,710,530,2
9540,0,1,86,93,2
9541,0,0,97,432,2
9542,0,0,36,805,2
9543,0,0,719,897,2
9544,0,0,641,982,2
9545,0,0,37,813,2
9546,0,0,641,942,2
9547,0,0,492,861,2
9548,0,0,686,1032,2
9549,1,1,819,673,2
9550,0,0,708,644,2
9551,0,0,728,769,2
9552,0,0,265,239,2
9553,0,0,9,1020,2
9554,0,0,172,995,2
9555,1,1,275,144,2
9556,0,0,399,905,2
9557,0,0,778,480,2
9558,0,0,210,224,2
9559,0,0,1002,996,2
9560,0,0,576,111,2
9561,0,0,447,350,2
9562,0,0,806,845,2
9563,1,0,443,387,2
9564,0,0,1050,601,2
9565,0,0,1039,828,2
9566,0,0,188,150,2
9567,0,0,183,396,2
9568,1,1,183,1035,2
9569,0,0,242,364,2
9570,0,0,513,247,2
9571,0,0,539,959,2
9572,0,0,967,530,2
9573,0,0,586,752,2
9574,0,0,581,528,2
9575,0,0,707,676,2
9576,0,0,597,902,2
9577,0,0,238,458,2
9578,0,0,316,228,2
9579,0,0,154,554,2
9580,0,0,614,190,2
9581,0,0,1002,370,2
9582,0,0,936,1047,2
9583,0,0,287,834,2
9584,0,0,403,425,2
9585,0,0,875,678,2
9586,0,0,446,357,2
9587,0,0,903,45,2
9588,0,0,789,817,2
9589,1,1,236,159,2
9590,1,1,705,820,2
9591,0,0,835,1003,2
9592,0,1,1027,1005,2
9593,0,0,313,297,2
9594,1,0,2148,136,4
9595,0,0,1984,1150,4
9596,0,0,501,622,4
9597,0,0,633,10,4
9598,0,0,2160,1804,4
9599,0,0,1626,148,4
9600,0,0,512,1688,4
9601,0,0,483,257,4
9602,0,0,547,2391,4
9603,0,0,1815,2102,4
9604,0,0,820,1475,4
9605,0,0,2110,1112,4
9606,0,0,538,69,4
9607,0,0,238,1724,4
9608,0,0,1081,1319,4
9609,0,0,531,1464,4
9610,1,1,252,150,4
9611,0,0,1402,524,4
9612,1,1,748,1585,4
9613,0,0,975,1458,4
9614,0,0,1617,2104,4
9615,0,1,386,695,4
9616,0,0,922,938,4
9617,0,0,608,2099,4
9618,0,0,320,683,4
9619,0,0,347,1705,4
9620,0,0,13,2247,4
9621,0,0,1896,769,4
9622,1,1,1424,2262,4
9623,0,0,1763,529,4
9624,0,0,2148,1110,4
9625,0,0,533,1345,4
9626,0,0,649,968,4
9627,0,0,1001,744,4
9628,0,0,922,1431,4
9629,0,0,633,1638,4
9630,0,0,2130,453,4
9631,0,0,656,2111,4
9632,1,1,1406,2615,4
9633,0,0,513,1369,4
9634,0,0,574,1148,4
9635,0,0,1112,844,4
9636,0,0,2118,1053,4
9637,1,0,241,2588,4
9638,1,1,1843,1292,4
9639,0,0,1105,1051,4
9640,0,0,1052,832,4
9641,1,0,1332,2255,4
9642,0,0,1406,2103,4
9643,0,0,2098,1661,4
9644,1,1,1227,1218,4
9645,1,1,731,1238,4
9646,0,0,2212,1753,4
9647,0,0,100,1073,4
9648,0,0,216,2018,4
9649,0,0,1392,1835,4
9650,0,0,1525,2575,4
9651,0,0,1510,2303,4
9652,0,0,617,1385,4
9653,1,1,750,498,4
9654,0,0,22,807,4
9655,0,0,557,821,4
9656,0,0,2130,136,4
9657,0,0,1227,239,4
9658,0,0,2162,2103,4
9659,0,0,2131,2073,4
9660,0,0,1639,1859,4
9661,0,0,2116,2026,4
9662,0,0,454,188,4
9663,0,0,739,2512,4
9664,0,0,1586,228,4
9665,0,0,464,1923,4
9666,0,0,226,2614,4
9667,0,0,18,2256,4
9668,0,0,552,821,4
9669,0,0,916,1731,4
9670,0,0,376,1458,4
9671,0,0,1693,604,4
9672,0,0,256,1224,4
9673,1,1,276,205,4
9674,0,0,531,1039,4
9675,0,0,1182,1285,4
9676,0,0,1277,2191,4
9677,0,0,1447,253,4
9678,0,0,2064,2108,4
9679,0,0,1998,440,4
9680,0,0,258,818,4
9681,0,0,1981,1312,4
9682,0,0,454,1537,4
9683,0,0,502,2528,4
9684,0,0,1653,204,4
9685,1,1,278,2513,4
9686,0,0,1815,1060,4
9687,0,0,512,1403,4
9688,0,0,2068,564,4
9689,0,0,582,436,4
9690,1,0,553,297,4
9691,1,1,1815,1367,4
9692,0,0,680,1233,4
9693,0,0,738,2111,4
9694,0,0,2124,1688,4
9695,0,0,955,843,4
9696,1,1,215,1215,4
9697,0,0,1432,1445,4
9698,0,0,564,387,4
9699,0,0,723,615,4
9700,0,0,1649,1308,4
9701,0,0,593,1255,4
9702,0,0,515,2318,4
9703,1,1,1775,1619,4
9704,0,0,2212,1624,4
9705,1,1,1112,1263,4
9706,0,0,2110,1268,4
9707,1,1,704,2354,4
9708,0,0,1277,1091,4
9709,0,0,598,1380,4
9710,1,1,1896,2574,4
9711,1,1,2098,1983,4
9712,0,0,1322,911,4
9713,0,0,1195,686,4
9714,0,0,1944,1609,4
9715,0,0,967,227,4
9716,0,0,22,890,4
9717,0,0,1693,2021,4
9718,0,0,2071,454,4
9719,0,0,279,153,4
9720,1,1,1914,2295,4
9721,0,0,2004,850,4
9722,0,0,1783,1850,4
9723,0,0,26,1530,4
9724,0,0,1063,906,4
9725,0,0,2292,915,4
9726,0,0,974,878,4
9727,0,0,1875,2602,4
9728,0,0,1178,2358,4
9729,0,1,2130,771,4
9730,0,0,1525,980,4
9731,0,0,563,172,4
9732,0,0,574,1992,4
9733,0,0,569,1098,4
9734,0,0,2131,708,4
9735,0,0,80,126,4
9736,0,0,238,916,4
9737,0,0,1706,2528,4
9738,0,0,1586,2503,4
9739,1,1,1466,1998,4
9740,0,0,12,1986,4
9741,0,0,347,2113,4
9742,0,0,1307,692,4
9743,0,0,599,1688,4
9744,1,1,1001,829,4
9745,1,1,2116,1609,4
9746,0,0,2182,256,4
9747,0,0,1287,1560,4
9748,0,0,1515,1271,4
9749,0,0,865,475,4
9750,0,0,1227,1046,4
9751,0,0,1307,783,4
9752,0,0,2162,152,4
9753,0,0,376,1598,4
9754,0,0,1639,391,4
9755,0,0,531,1073,4
9756,0,0,538,631,4
9757,0,0,1020,239,4
9758,0,0,320,2610,4
9759,0,0,1653,2261,4
9760,0,0,2068,1739,4
9761,1,1,1610,1867,4
9762,1,1,1237,2611,4
9763,0,0,1277,2204,4
9764,0,0,1432,1033,4
9765,0,0,290,212,4
9766,1,0,334,777,4
9767,0,0,1865,1855,4
9768,0,0,890,2342,4
9769,1,1,921,2411,4
9770,0,0,552,1250,4
9771,0,0,515,1690,4
9772,1,1,2162,1804,4
9773,0,0,723,2058,4
9774,0,0,839,435,4
9775,0,0,1422,147,4
9776,0,0,444,1457,4
9777,1,1,755,797,4
9778,0,0,1304,429,4
9779,0,0,524,2181,4
9780,0,0,1981,1568,4
9781,0,0,2069,2181,4
9782,0,0,1020,2457,4
9783,0,0,1744,925,4
9784,0,0,334,502,4
9785,0,0,656,2093,4
9786,1,0,2124,1369,4
9787,0,0,886,710,4
9788,0,0,1933,1038,4
9789,0,0,958,2559,4
9790,0,0,1094,2499,4
9791,0,0,921,893,4
9792,1,1,2060,2236,4
9793,0,0,948,1663,4
9794,0,0,526,653,4
9795,0,0,924,934,4
9796,0,0,1112,1872,4
9797,0,0,279,432,4
9798,1,1,1451,2032,4
9799,0,0,926,1708,4
9800,0,0,855,2013,4
9801,0,0,1190,2552,4
9802,0,0,551,387,4
9803,0,0,2174,1501,4
9804,0,0,483,368,4
9805,1,1,414,648,4
9806,1,1,1277,752,4
9807,0,0,575,875,4
9808,0,0,637,1487,4
9809,0,0,2125,386,4
9810,0,0,483,1258,4
9811,1,0,2125,452,4
9812,0,0,672,2457,4
9813,1,1,171,2486,4
9814,0,0,2011,1270,4
9815,0,1,915,172,4
9816,0,0,1195,933,4
9817,1,1,773,831,4
9818,0,0,454,1626,4
9819,0,0,2099,1815,4
9820,0,0,1302,400,4
9821,0,0,680,175,4
9822,0,0,1490,1068,4
9823,1,1,262,690,4
9824,0,0,202,2292,4
9825,0,0,1573,1323,4
9826,0,0,661,1709,4
9827,0,0,1971,159,4
9828,0,0,2124,386,4
9829,0,0,1044,1514,4
9830,0,0,2060,1364,4
9831,0,0,1112,144,4
9832,0,1,738,1255,4
9833,1,1,1865,1877,4
9834,0,0,886,2163,4
9835,0,0,1020,1765,4
9836,0,0,1054,1850,4
9837,1,1,205,1670,4
9838,0,0,1490,609,4
9839,0,0,2069,2093,4
9840,0,0,726,2096,4
9841,0,0,583,1297,4
9842,0,0,598,2244,4
9843,1,1,1390,2581,4
9844,1,1,388,1682,4
9845,0,0,1707,2533,4
9846,0,0,454,786,4
9847,0,0,2131,2402,4
9848,0,0,345,1039,4
9849,1,0,522,498,4
9850,0,0,1195,153,4
9851,0,0,2210,730,4
9852,0,0,759,592,4
9853,0,0,133,2230,4
9854,0,0,1406,1274,4
9855,1,1,828,2186,4
9856,1,1,36,590,4
9857,0,0,672,568,4
9858,1,1,1460,388,4
9859,0,0,1797,1168,4
9860,0,0,2110,725,4
9861,1,1,553,866,4
9862,0,0,1145,2213,4
9863,0,0,279,933,4
9864,0,0,1322,679,4
9865,0,0,657,2380,4
9866,0,0,1317,399,4
9867,0,0,464,2019,4
9868,0,0,75,1363,4
9869,0,0,926,1688,4
9870,0,0,216,2328,4
9871,0,0,1020,1850,4
9872,0,0,320,57,4
9873,0,0,1843,1286,4
9874,0,0,557,446,4
9875,1,1,662,825,4
9876,0,0,2212,1819,4
9877,0,0,198,1356,4
9878,1,1,1203,1498,4
9879,1,1,376,712,4
9880,0,0,2054,1963,4
9881,0,0,350,622,4
9882,0,0,623,1443,4
9883,0,0,1112,1560,4
9884,0,0,219,1809,4
9885,0,0,855,2171,4
9886,0,1,533,1127,4
9887,1,1,1063,1336,4
9888,0,0,2279,363,4
9889,0,0,2279,1662,4
9890,0,0,428,2314,4
9891,0,0,924,907,4
9892,1,0,522,825,4
9893,0,0,926,1110,4
9894,0,0,2065,2073,4
9895,0,0,569,1664,4
9896,1,1,290,1462,4
9897,0,0,2150,2312,4
9898,0,0,2241,860,4
9899,0,0,1406,104,4
9900,1,0,938,2403,4
9901,0,0,2129,136,4
9902,0,0,2182,1895,4
9903,0,0,2011,1823,4
9904,0,0,358,1901,4
9905,0,0,2054,360,4
9906,0,0,1653,1479,4
9907,0,0,2210,1103,4
9908,0,0,1506,1733,4
9909,1,0,2129,1380,4
9910,0,0,1304,964,4
9911,0,0,1726,1186,4
9912,0,0,604,2610,4
9913,0,0,975,2133,4
9914,0,0,310,228,4
9915,0,0,944,397,4
9916,1,1,1770,1526,4
9917,0,0,738,1172,4
9918,0,0,2060,218,4
9919,0,0,863,1235,4
9920,0,0,759,2107,4
9921,1,1,761,1451,4
9922,1,0,2286,1658,4
9923,1,1,483,511,4
9924,1,1,256,1468,4
9925,0,0,2148,2093,4
9926,0,0,1309,1028,4
9927,0,0,1425,83,4
9928,0,0,26,1409,4
9929,0,0,1111,1092,4
9930,1,1,1490,838,4
9931,0,0,661,2257,4
9932,0,0,524,214,4
9933,0,0,1266,1775,4
9934,0,0,553,1075,4
9935,1,1,320,1080,4
9936,1,1,574,962,4
9937,0,0,22,2288,4
9938,0,0,319,572,4
9939,0,0,546,726,4
9940,0,0,924,2391,4
9941,0,0,974,2096,4
9942,0,0,944,1621,4
9943,0,0,1182,2088,4
9944,0,0,464,2478,4
9945,0,0,915,808,4
9946,0,0,216,889,4
9947,1,1,1707,816,4
9948,1,1,2068,1464,4
9949,1,0,522,938,4
9950,0,0,1744,2019,4
9951,0,0,1044,496,4
9952,0,0,190,1273,4
9953,0,0,1797,458,4
9954,0,0,2125,2583,4
9955,1,1,1735,112,4
9956,0,0,238,30,4
9957,1,1,1307,1825,4
9958,0,0,582,1539,4
9959,1,1,512,386,4
9960,0,0,2134,2111,4
9961,0,0,444,343,4
9962,0,0,1402,1650,4
9963,0,0,975,2420,4
9964,0,0,460,984,4
9965,0,0,1432,1713,4
9966,0,0,820,844,4
9967,0,0,839,2140,4
9968,1,1,1430,1748,4
9969,0,0,36,896,4
9970,0,0,599,452,4
9971,0,0,595,1984,4
9972,0,0,1110,2460,4
9973,1,1,563,808,4
9974,0,1,2071,178,4
9975,1,1,464,122,4
9976,1,1,1485,426,4
9977,1,1,1517,841,4
9978,0,0,599,1380,4
9979,0,0,314,1572,4
9980,0,0,1460,2389,4
9981,0,0,13,2315,4
9982,1,0,238,156,4
9983,0,0,6,824,4
9984,0,0,68,1334,4
9985,0,0,1500,1685,4
9986,1,1,2174,104,4
9987,1,1,808,2352,4
9988,1,1,617,1313,4
9989,1,1,1190,631,4
9990,0,0,972,138,4
9991,0,0,2068,1681,4
9992,1,1,1022,2442,4
9993,0,0,568,1098,4
9994,0,0,1430,1878,4
9995,1,1,273,2082,4
9996,0,0,2065,2076,4
9997,0,0,1763,156,4
9998,0,0,916,364,4
9999,0,0,376,1366,4
10000,0,0,1933,459,4
10001,0,0,1770,791,4
10002,1,1,1081,1197,4
10003,1,1,542,982,4
10004,0,0,1149,1312,4
10005,0,0,1447,2008,4
10006,0,0,662,1405,4
10007,1,1,59,2303,4
10008,0,0,608,1296,4
10009,0,0,1896,1589,4
10010,0,0,502,1805,4
10011,0,0,92,2448,4
10012,1,1,195,895,4
10013,0,0,1071,1444,4
10014,0,0,2069,1172,4
10015,0,0,798,1997,4
10016,0,0,974,2542,4
10017,0,0,2098,1483,4
10018,0,0,924,968,4
10019,1,1,1419,2081,4
10020,0,0,1428,489,4
10021,0,0,354,2251,4
10022,0,0,1277,2361,4
10023,0,0,1639,1,4
10024,0,0,1425,609,4
10025,0,0,2162,1246,4
10026,0,0,962,628,4
10027,0,0,142,1237,4
10028,0,0,320,1206,4
10029,0,0,483,2036,4
10030,0,0,608,1385,4
10031,0,0,2132,285,4
10032,0,0,1428,839,4
10033,1,1,216,1476,4
10034,0,0,428,1433,4
10035,0,1,1178,483,4
10036,1,1,202,335,4
10037,1,1,302,1869,4
10038,0,0,190,2542,4
10039,1,1,2142,1266,4
10040,1,1,2110,223,4
10041,1,1,2069,1255,4
10042,0,0,1001,988,4
10043,0,0,1052,1209,4
10044,1,1,911,475,4
10045,0,0,557,121,4
10046,0,0,820,2426,4
10047,1,0,549,136,4
10048,0,0,1971,305,4
10049,0,0,1110,954,4
10050,0,0,634,412,4
10051,0,0,526,2391,4
10052,1,0,553,2028,4
10053,0,0,26,895,4
10054,0,0,334,2614,4
10055,0,0,1182,806,4
10056,0,0,546,968,4
10057,0,0,1309,573,4
10058,1,0,1224,2444,4
10059,0,0,1451,568,4
10060,0,0,1770,2522,4
10061,1,1,551,359,4
10062,1,1,75,1460,4
10063,0,0,1639,2320,4
10064,0,0,1709,1918,4
10065,1,1,345,706,4
10066,0,0,123,223,4
10067,1,1,1649,1706,4
10068,0,0,1573,1813,4
10069,0,0,533,1028,4
10070,1,1,1617,2053,4
10071,0,0,256,719,4
10072,0,0,1149,1325,4
10073,0,0,974,2189,4
10074,0,0,1071,1264,4
10075,1,1,190,2115,4
10076,0,0,428,2189,4
10077,0,0,551,907,4
10078,0,0,522,2041,4
10079,0,0,238,1103,4
10080,0,0,672,236,4
10081,0,0,483,6,4
10082,0,0,2130,2491,4
10083,0,0,1515,2236,4
10084,0,0,1783,103,4
10085,0,0,123,2195,4
10086,0,0,1579,1119,4
10087,1,1,267,581,4
10088,0,0,656,285,4
10089,0,0,1812,103,4
10090,0,0,1933,2332,4
10091,0,0,583,2551,4
10092,0,0,1044,1224,4
10093,0,0,93,826,4
10094,0,0,1447,1706,4
10095,0,0,569,2299,4
10096,0,0,937,1781,4
10097,0,0,1424,2286,4
10098,0,0,808,420,4
10099,0,0,12,2485,4
10100,1,0,272,125,4
10101,1,1,1428,2353,4
10102,1,1,2099,669,4
10103,0,0,314,918,4
10104,0,0,1783,1896,4
10105,0,0,617,342,4
10106,0,0,1669,105,4
10107,0,0,538,964,4
10108,0,0,190,903,4
10109,0,0,334,2491,4
10110,0,0,1896,1311,4
10111,0,0,202,1950,4
10112,1,1,93,372,4
10113,0,0,1424,2186,4
10114,1,0,1227,1051,4
10115,0,0,2279,485,4
10116,0,0,704,2259,4
10117,0,0,1182,1239,4
10118,0,0,1419,1829,4
10119,0,0,238,590,4
10120,1,0,226,777,4
10121,0,0,1865,1290,4
10122,0,0,12,1841,4
10123,0,0,962,681,4
10124,1,1,967,2102,4
10125,1,0,2124,2244,4
10126,0,0,649,653,4
10127,1,1,1797,1053,4
10128,0,0,1052,2333,4
10129,0,0,2054,1233,4
10130,0,0,354,1559,4
10131,0,0,1149,1693,4
10132,1,1,936,2291,4
10133,1,1,238,598,4
10134,0,0,2182,2,4
10135,0,0,342,1628,4
10136,0,0,358,384,4
10137,0,0,171,838,4
10138,0,0,71,864,4
10139,0,0,71,1922,4
10140,0,0,1834,1289,4
10141,0,0,310,847,4
10142,0,0,936,2185,4
10143,0,0,2174,1233,4
10144,0,0,2011,2482,4
10145,0,0,1307,2376,4
10146,0,0,1385,655,4
10147,0,0,512,452,4
10148,0,0,672,1274,4
10149,0,0,122,2580,4
10150,0,0,1406,879,4
10151,0,0,2210,20,4
10152,1,1,194,1818,4
10153,0,0,759,1651,4
10154,0,0,1653,1102,4
10155,0,0,386,2017,4
10156,0,0,2210,654,4
10157,1,1,1573,1809,4
10158,0,0,761,2335,4
10159,0,0,454,2030,4
10160,1,1,1840,2425,4
10161,0,0,2130,1110,4
10162,1,0,2134,2237,4
10163,0,0,1677,1971,4
10164,0,0,962,110,4
10165,0,0,2292,2147,4
10166,0,0,1707,1515,4
10167,0,0,1195,1347,4
10168,0,0,1081,518,4
10169,0,0,608,2580,4
10170,0,0,122,835,4
10171,1,1,1706,948,4
10172,1,1,100,1786,4
10173,1,1,988,352,4
10174,0,0,1112,1600,4
10175,0,0,2286,2392,4
10176,0,0,2069,898,4
10177,0,0,1677,710,4
10178,0,0,388,268,4
10179,0,0,512,2583,4
10180,0,0,219,772,4
10181,0,0,936,436,4
10182,1,0,553,2608,4
10183,0,0,100,1681,4
10184,0,0,1875,1544,4
10185,0,0,1094,1856,4
10186,0,0,958,711,4
10187,0,0,1063,2544,4
10188,0,0,36,1951,4
10189,1,1,395,974,4
10190,0,0,1933,118,4
10191,0,0,634,650,4
10192,0,0,936,1108,4
10193,1,1,2118,458,4
10194,0,0,395,1861,4
10195,0,0,2110,1108,4
10196,0,0,522,722,4
10197,0,0,1322,165,4
10198,0,0,1981,1220,4
10199,0,0,723,651,4
10200,1,1,637,805,4
10201,0,0,974,2492,4
10202,0,0,2116,514,4
10203,1,1,1223,13,4
10204,0,0,2230,1546,4
10205,0,0,516,2144,4
10206,0,0,1815,1032,4
10207,0,0,2169,307,4
10208,0,0,522,1405,4
10209,0,0,1579,313,4
10210,0,0,1195,1664,4
10211,1,1,8,177,4
10212,1,1,1425,1115,4
10213,0,0,444,2188,4
10214,0,0,1149,1711,4
10215,0,0,205,2516,4
10216,0,0,1235,2101,4
10217,1,1,905,1069,4
10218,0,0,1461,1186,4
10219,0,0,2006,2026,4
10220,0,0,541,1688,4
10221,1,1,1146,597,4
10222,0,0,1441,703,4
10223,0,0,1182,169,4
10224,0,0,1145,2358,4
10225,1,1,2173,1419,4
10226,0,0,1744,1080,4
10227,0,0,1307,1718,4
10228,0,0,1834,62,4
10229,1,1,449,1939,4
10230,1,1,690,1797,4
10231,0,0,93,1020,4
10232,0,0,1059,2179,4
10233,0,0,922,825,4
10234,0,0,526,387,4
10235,1,1,1091,2146,4
10236,0,0,921,1979,4
10237,1,0,2134,1556,4
10238,1,1,6,1698,4
10239,0,0,680,2170,4
10240,0,0,1266,1895,4
10241,0,0,1813,1477,4
10242,0,0,205,1808,4
10243,0,0,863,960,4
10244,0,0,171,393,4
10245,0,0,1865,2017,4
10246,1,1,1149,23,4
10247,0,0,226,2491,4
10248,0,0,1392,699,4
10249,1,1,734,869,4
10250,0,0,657,1405,4
10251,0,0,194,168,4
10252,0,0,1981,73,4
10253,0,0,583,229,4
10254,0,0,195,2022,4
10255,0,0,962,501,4
10256,1,1,133,969,4
10257,1,1,350,1573,4
10258,0,0,2011,947,4
10259,0,0,2011,11,4
10260,0,0,2131,1612,4
10261,0,0,205,1744,4
10262,0,0,1939,1878,4
10263,0,0,2129,1688,4
10264,0,0,738,898,4
10265,0,0,1190,2249,4
10266,0,0,2129,663,4
10267,0,0,190,917,4
10268,0,0,1430,707,4
10269,0,0,944,2233,4
10270,1,1,1392,1926,4
10271,0,0,276,1714,4
10272,0,0,2286,1514,4
10273,0,0,542,311,4
10274,0,0,1726,2140,4
10275,1,1,2125,1380,4
10276,0,0,256,1840,4
10277,0,0,531,1403,4
10278,0,0,526,359,4
10279,0,0,531,898,4
10280,1,1,1933,1458,4
10281,0,0,657,722,4
10282,0,0,1385,2262,4
10283,0,0,1270,383,4
10284,0,0,1425,1433,4
10285,0,0,2174,3,4
10286,0,0,820,1981,4
10287,1,1,1783,1765,4
10288,0,0,133,1038,4
10289,0,0,563,2610,4
10290,0,0,1402,844,4
10291,1,1,1971,111,4
10292,0,0,1565,1770,4
10293,0,0,2054,753,4
10294,0,0,582,1410,4
10295,1,1,428,609,4
10296,0,0,1422,77,4
10297,1,1,1525,1964,4
10298,0,0,634,987,4
10299,0,0,662,1431,4
10300,1,1,1677,1956,4
10301,1,0,595,2455,4
10302,0,0,632,1197,4
10303,0,0,142,1863,4
10304,0,0,569,1187,4
10305,0,0,2064,948,4
10306,0,0,515,2080,4
10307,0,0,342,2508,4
10308,0,0,1586,1530,4
10309,0,0,575,1688,4
10310,1,1,944,32,4
10311,1,1,1287,1921,4
10312,0,0,1896,1941,4
10313,0,0,564,726,4
10314,0,0,1812,2051,4
10315,0,1,516,1720,4
10316,1,1,1145,815,4
10317,0,0,975,537,4
10318,1,1,557,1656,4
10319,1,1,739,187,4
10320,0,0,1639,1247,4
10321,0,0,36,1956,4
10322,0,0,2064,370,4
10323,0,0,583,2302,4
10324,1,1,347,775,4
10325,0,0,972,1718,4
10326,0,0,1639,2466,4
10327,0,0,1812,1002,4
10328,0,0,1834,2418,4
10329,0,0,1783,2333,4
10330,0,0,516,2549,4
10331,0,0,1783,2271,4
10332,0,0,1840,1679,4
10333,0,0,886,2294,4
10334,0,0,972,1189,4
10335,0,0,515,1593,4
10336,0,0,2098,147,4
10337,0,0,1190,1625,4
10338,0,0,863,233,4
10339,0,0,166,540,4
10340,0,0,2210,2394,4
10341,0,0,2174,1211,4
10342,0,0,1669,190,4
10343,0,0,310,36,4
10344,0,0,216,679,4
10345,0,0,59,1493,4
10346,0,0,2132,453,4
10347,0,0,1451,2267,4
10348,0,0,354,695,4
10349,1,1,157,741,4
10350,1,1,1341,1683,4
10351,0,0,1726,1350,4
10352,0,0,1706,1361,4
10353,0,0,1020,2271,4
10354,1,1,1114,2129,4
10355,0,0,657,2041,4
10356,1,1,1322,673,4
10357,0,0,905,623,4
10358,0,0,347,1330,4
10359,1,1,224,1436,4
10360,0,0,924,359,4
10361,0,0,2169,339,4
10362,0,0,938,2506,4
10363,1,1,1639,1604,4
10364,0,0,36,1159,4
10365,0,0,759,2037,4
10366,0,0,515,121,4
10367,0,0,1693,1877,4
10368,0,0,2174,1482,4
10369,0,0,202,1509,4
10370,0,0,175,1360,4
10371,0,0,520,1709,4
10372,0,0,1451,332,4
10373,0,0,595,1720,4
10374,0,1,649,726,4
10375,0,0,2068,1236,4
10376,0,0,1428,2090,4
10377,0,0,574,871,4
10378,0,0,205,1834,4
10379,0,0,886,294,4
10380,0,0,1428,1186,4
10381,0,0,955,1650,4
10382,0,0,1775,711,4
10383,0,0,1706,132,4
10384,0,0,865,1902,4
10385,0,0,547,907,4
10386,0,0,198,830,4
10387,0,0,1677,1451,4
10388,0,0,542,461,4
10389,1,0,798,364,4
10390,0,0,599,386,4
10391,1,1,759,1857,4
10392,1,1,633,224,4
10393,0,0,2054,2615,4
10394,0,0,680,1224,4
10395,1,1,226,934,4
10396,0,0,1291,2476,4
10397,0,0,342,771,4
10398,0,0,205,1511,4
10399,0,0,13,289,4
10400,0,0,142,1704,4
10401,1,1,1317,1459,4
10402,0,0,1317,1028,4
10403,0,0,512,1380,4
10404,0,0,1840,1162,4
10405,1,1,1875,696,4
10406,1,1,1059,2590,4
10407,0,0,1392,1467,4
10408,1,1,166,1087,4
10409,0,0,198,14,4
10410,1,1,1301,1308,4
10411,0,0,516,877,4
10412,0,0,1052,1533,4
10413,0,0,2286,843,4
10414,0,0,2279,569,4
10415,0,0,2118,504,4
10416,0,0,1693,121,4
10417,0,0,738,2181,4
10418,0,0,1223,2308,4
10419,0,0,334,907,4
10420,0,0,1145,2013,4
10421,0,0,568,1454,4
10422,0,0,205,2009,4
10423,1,1,1796,745,4
10424,0,0,2182,1513,4
10425,0,0,347,696,4
10426,0,0,1422,1194,4
10427,0,0,865,515,4
10428,0,0,2286,158,4
10429,0,0,828,1272,4
10430,0,0,1933,784,4
10431,0,0,320,2178,4
10432,0,0,2098,2432,4
10433,0,0,1653,185,4
10434,0,0,736,1202,4
10435,0,0,839,900,4
10436,0,0,1875,775,4
10437,0,0,347,2274,4
10438,1,1,1024,1795,4
10439,0,0,513,2583,4
10440,1,1,623,1828,4
10441,0,0,1744,1989,4
10442,1,0,922,2041,4
10443,0,0,972,2541,4
10444,1,1,12,675,4
10445,0,0,2069,285,4
10446,0,0,1227,13,4
10447,1,1,1782,432,4
10448,0,0,310,34,4
10449,0,0,170,2314,4
10450,0,0,637,2046,4
10451,1,0,598,1403,4
10452,0,0,2129,2583,4
10453,0,0,59,1626,4
10454,1,1,863,1268,4
10455,1,1,2011,1996,4
10456,1,1,1804,959,4
10457,0,0,808,2578,4
10458,0,0,2169,334,4
10459,0,0,1227,2375,4
10460,0,0,2150,1236,4
10461,0,0,546,2391,4
10462,1,1,1510,2466,4
10463,0,0,1804,2517,4
10464,0,0,1406,738,4
10465,0,0,93,2407,4
10466,1,1,937,1162,4
10467,0,0,2150,1674,4
10468,1,1,33,580,4
10469,0,0,1277,2291,4
10470,0,0,1804,681,4
10471,0,0,219,1323,4
10472,1,1,2241,349,4
10473,0,0,936,327,4
10474,0,0,1195,542,4
10475,0,0,564,2391,4
10476,0,0,302,2031,4
10477,0,0,215,1287,4
10478,0,0,522,389,4
10479,0,0,1843,588,4
10480,0,0,526,958,4
10481,0,0,863,703,4
10482,1,1,509,1900,4
10483,0,0,1565,206,4
10484,0,0,1630,9,4
10485,0,0,723,537,4
10486,0,0,1981,836,4
10487,0,0,1914,2116,4
10488,0,0,1111,2109,4
10489,1,1,513,386,4
10490,1,1,1763,1724,4
10491,0,0,1677,590,4
10492,1,1,1635,375,4
10493,0,0,1726,1550,4
10494,1,1,1500,2576,4
10495,0,0,1235,1209,4
10496,0,0,449,2329,4
10497,0,0,502,2191,4
10498,0,0,2132,1172,4
10499,0,0,1525,546,4
10500,0,0,1001,1538,4
10501,0,0,759,143,4
10502,0,0,1203,1251,4
10503,0,0,1485,2544,4
10504,1,1,599,2583,4
10505,0,0,2286,1540,4
10506,0,0,739,1730,4
10507,0,0,238,1188,4
10508,1,0,552,446,4
10509,0,0,199,2145,4
10510,1,0,552,1656,4
10511,0,0,865,807,4
10512,0,0,1465,159,4
10513,1,0,551,968,4
10514,0,0,1586,1840,4
10515,0,0,1450,649,4
10516,0,0,1071,986,4
10517,0,0,958,7,4
10518,1,1,460,1272,4
10519,0,0,2118,2606,4
10520,1,1,92,1131,4
10521,0,0,92,985,4
10522,1,1,916,344,4
10523,0,0,808,736,4
10524,0,0,2134,454,4
10525,1,1,501,1986,4
10526,0,0,1460,1565,4
10527,0,0,569,2462,4
10528,1,1,1422,2192,4
10529,0,0,1610,2241,4
10530,0,0,657,389,4
10531,0,0,256,944,4
10532,1,1,1709,911,4
10533,0,0,531,2455,4
10534,1,0,552,2028,4
10535,0,0,256,871,4
10536,0,0,916,59,4
10537,0,0,1203,2296,4
10538,0,0,564,653,4
10539,0,0,2068,2039,4
10540,1,1,1385,572,4
10541,0,0,974,2554,4
10542,0,0,194,665,4
10543,0,0,2182,1733,4
10544,0,0,1390,2314,4
10545,0,0,1137,2177,4
10546,0,0,915,136,4
10547,0,0,2068,1547,4
10548,0,0,553,821,4
10549,0,0,955,1257,4
10550,0,0,1451,1889,4
10551,0,0,2068,1423,4
10552,0,0,1441,1433,4
10553,0,0,1565,804,4
10554,0,0,1392,2199,4
10555,0,0,944,449,4
10556,0,0,559,1761,4
10557,0,0,1441,1592,4
10558,1,1,1182,317,4
10559,1,1,515,2401,4
10560,0,0,1387,17,4
10561,0,0,558,1173,4
10562,0,0,648,1075,4
10563,1,1,552,866,4
10564,0,0,736,453,4
10565,0,0,926,663,4
10566,0,0,320,2091,4
10567,1,1,1402,1148,4
10568,1,1,1998,953,4
10569,0,0,551,131,4
10570,1,1,549,178,4
10571,0,0,526,968,4
10572,0,1,583,183,4
10573,1,1,538,1249,4
10574,0,0,1428,1943,4
10575,0,0,915,1080,4
10576,0,0,1875,206,4
10577,0,0,1137,1231,4
10578,0,0,2060,800,4
10579,0,0,515,288,4
10580,0,0,2131,771,4
10581,0,0,345,1649,4
10582,1,1,958,325,4
10583,0,0,100,1255,4
10584,0,0,1063,507,4
10585,0,1,564,958,4
10586,0,0,1432,823,4
10587,0,0,142,157,4
10588,0,0,672,227,4
10589,0,0,839,1666,4
10590,0,0,575,1035,4
10591,0,0,2132,2093,4
10592,0,0,593,2181,4
10593,0,0,937,2425,4
10594,0,0,926,1035,4
10595,0,0,736,1241,4
10596,1,0,2125,2244,4
10597,0,0,1669,1762,4
10598,1,1,314,2048,4
10599,0,0,972,1507,4
10600,0,0,531,564,4
10601,0,0,657,2368,4
10602,1,1,962,772,4
10603,0,0,501,448,4
10604,0,0,1145,1391,4
10605,0,0,512,2244,4
10606,0,0,342,1893,4
10607,1,1,199,1126,4
10608,0,0,195,1409,4
10609,1,1,1984,1324,4
10610,0,0,2174,753,4
10611,1,1,2054,2092,4
10612,0,0,1020,1415,4
10613,0,0,1500,2183,4
10614,0,0,1465,865,4
10615,0,0,12,789,4
10616,0,0,2118,1404,4
10617,0,0,279,596,4
10618,0,0,583,365,4
10619,1,0,552,297,4
10620,0,0,345,1448,4
10621,1,1,1435,2521,4
10622,0,0,26,1390,4
10623,0,0,1001,1088,4
10624,0,0,122,1075,4
10625,0,0,1586,2292,4
10626,0,0,1677,2448,4
10627,0,0,922,1867,4
10628,0,0,1525,2017,4
10629,0,0,1984,1501,4
10630,0,0,593,285,4
10631,0,0,202,718,4
10632,0,0,637,2404,4
10633,0,0,1402,200,4
10634,1,1,820,302,4
10635,1,1,938,1792,4
10636,0,0,1114,770,4
10637,0,0,502,2421,4
10638,0,0,198,2216,4
10639,0,0,171,1068,4
10640,0,0,1435,2063,4
10641,0,0,202,1926,4
10642,0,0,551,934,4
10643,0,0,546,653,4
10644,0,0,1110,307,4
10645,0,0,2060,1152,4
10646,0,0,1145,1241,4
10647,0,0,1586,2115,4
10648,0,0,2148,454,4
10649,0,0,541,1486,4
10650,0,0,547,934,4
10651,0,0,1460,1671,4
10652,0,0,557,2448,4
10653,0,0,205,63,4
10654,0,0,502,1015,4
10655,0,0,195,2197,4
10656,0,0,1178,1019,4
10657,0,0,924,726,4
10658,1,1,672,43,4
10659,0,0,634,1718,4
10660,1,1,1834,1819,4
10661,0,0,723,1613,4
10662,1,0,657,498,4
10663,0,0,936,2204,4
10664,1,1,389,1988,4
10665,0,0,637,1946,4
10666,0,0,1112,328,4
10667,1,0,1307,2396,4
10668,0,0,2131,1544,4
10669,1,1,1695,1635,4
10670,0,0,133,668,4
10671,0,0,1517,1070,4
10672,0,0,656,214,4
10673,0,0,521,1734,4
10674,0,0,547,131,4
10675,0,0,444,218,4
10676,0,0,2212,1333,4
10677,1,1,1110,1592,4
10678,0,0,256,1064,4
10679,0,0,513,1380,4
10680,0,0,2174,2615,4
10681,0,0,123,2433,4
10682,0,0,1510,1842,4
10683,0,0,1392,2398,4
10684,0,0,2128,2455,4
10685,0,0,1063,2587,4
10686,1,1,310,89,4
10687,0,0,216,248,4
10688,1,1,948,791,4
10689,1,1,1630,2497,4
10690,0,0,1984,134,4
10691,0,0,1804,758,4
10692,1,1,2286,2511,4
10693,1,1,334,934,4
10694,1,1,2065,1522,4
10695,1,0,2150,2455,4
10696,0,0,958,1826,4
10697,0,0,634,2396,4
10698,0,0,1332,988,4
10699,0,0,1063,1862,4
10700,0,0,924,575,4
10701,0,0,1834,1509,4
10702,0,0,1933,1957,4
10703,0,0,40,1158,4
10704,0,0,1515,2603,4
10705,0,0,1933,1054,4
10706,0,0,256,1514,4
10707,0,0,1388,945,4
10708,0,0,2110,703,4
10709,0,0,92,1541,4
10710,1,1,723,2206,4
10711,1,1,1270,1714,4
10712,0,0,1669,963,4
10713,1,1,1493,197,4
10714,0,0,1451,43,4
10715,0,0,568,1000,4
10716,1,1,855,856,4
10717,1,1,1052,356,4
10718,0,0,649,131,4
10719,0,0,345,1445,4
10720,0,0,1783,335,4
10721,1,1,1744,683,4
10722,1,1,886,1971,4
10723,0,0,1063,1957,4
10724,1,1,1944,2063,4
10725,1,1,839,1669,4
10726,0,0,632,1367,4
10727,0,0,1649,1565,4
10728,0,0,1044,2511,4
10729,0,0,1304,397,4
10730,0,0,583,1564,4
10731,0,0,1517,664,4
10732,0,0,2150,1681,4
10733,0,0,1451,2613,4
10734,0,0,557,866,4
10735,1,0,199,976,4
10736,0,0,502,885,4
10737,0,0,828,2262,4
10738,0,0,551,2391,4
10739,0,0,1813,2249,4
10740,0,0,1304,32,4
10741,0,0,568,1811,4
10742,0,0,828,2208,4
10743,0,1,546,359,4
10744,1,0,922,1405,4
10745,0,0,100,1612,4
10746,0,0,2134,1612,4
10747,0,0,1515,2510,4
10748,0,0,1277,756,4
10749,1,0,1223,2271,4
10750,0,0,1896,185,4
10751,0,0,1617,7,4
10752,0,0,924,387,4
10753,0,0,1178,815,4
10754,1,1,673,1067,4
10755,0,0,972,267,4
10756,0,0,1981,2075,4
10757,0,1,1737,2043,4
10758,1,1,1054,207,4
10759,1,0,657,825,4
10760,0,0,557,1250,4
10761,0,0,1744,1206,4
10762,0,0,175,268,4
10763,0,0,637,886,4
10764,0,0,531,1786,4
10765,0,0,738,285,4
10766,0,0,1812,1859,4
10767,1,1,865,890,4
10768,0,0,1744,2274,4
10769,1,1,955,328,4
10770,1,1,354,1333,4
10771,0,0,6,2324,4
10772,0,0,2069,2111,4
10773,0,0,1984,3,4
10774,0,0,634,221,4
10775,0,0,2064,877,4
10776,0,0,1840,652,4
10777,0,0,967,2157,4
10778,0,0,36,1219,4
10779,0,0,828,2286,4
10780,0,0,1425,2314,4
10781,1,1,1767,647,4
10782,0,0,1669,1496,4
10783,0,0,171,528,4
10784,0,0,279,2037,4
10785,0,0,1515,940,4
10786,0,0,2241,2116,4
10787,0,0,1517,1618,4
10788,0,0,1441,1659,4
10789,0,0,26,1181,4
10790,0,0,1052,899,4
10791,0,0,731,92,4
10792,0,0,564,131,4
10793,0,0,1392,2451,4
10794,0,0,226,95,4
10795,0,0,593,898,4
10796,0,0,1763,293,4
10797,0,0,595,450,4
10798,0,0,195,2220,4
10799,0,0,2065,1418,4
10800,1,1,142,1615,4
10801,0,0,761,903,4
10802,0,0,1020,1046,4
10803,0,0,1834,1546,4
10804,0,0,12,642,4
10805,0,0,256,1531,4
10806,0,0,575,1486,4
10807,0,0,1428,10,4
10808,0,0,2071,136,4
10809,0,0,726,609,4
10810,0,0,2069,453,4
10811,1,0,552,2608,4
10812,0,0,334,95,4
10813,0,0,955,2267,4
10814,1,1,2132,1255,4
10815,0,0,2210,1333,4
10816,0,0,2054,1211,4
10817,0,0,334,1474,4
10818,0,1,2064,2549,4
10819,0,0,726,1659,4
10820,0,0,632,1939,4
10821,1,1,1966,2027,4
10822,1,1,122,1672,4
10823,0,0,513,452,4
10824,0,0,1775,1077,4
10825,0,0,100,898,4
10826,0,0,938,2432,4
10827,0,0,546,958,4
10828,1,1,241,1393,4
10829,0,0,454,2175,4
10830,1,1,1533,2057,4
10831,0,0,2098,1085,4
10832,1,1,960,2593,4
10833,1,0,922,2380,4
10834,0,0,531,624,4
10835,0,0,723,786,4
10836,0,0,759,727,4
10837,0,0,680,200,4
10838,0,0,2148,1544,4
10839,1,1,1465,1746,4
10840,1,1,115,1200,4
10841,0,0,547,726,4
10842,0,0,551,726,4
10843,0,0,1510,1663,4
10844,1,1,279,1242,4
10845,0,0,1235,873,4
10846,0,0,2148,453,4
10847,1,1,1302,560,4
10848,0,0,673,227,4
10849,0,1,526,726,4
10850,1,1,568,1039,4
10851,0,1,924,1639,4
10852,0,0,1706,1791,4
10853,0,0,215,1044,4
10854,0,0,649,958,4
10855,0,0,2148,1612,4
10856,0,0,1081,307,4
10857,0,0,1812,2503,4
10858,0,0,1235,1539,4
10859,0,0,1388,92,4
10860,0,0,2130,451,4
10861,0,0,723,1821,4
10862,0,0,1533,1680,4
10863,0,0,863,223,4
10864,0,0,1971,1540,4
10865,1,1,219,269,4
10866,1,1,2150,1403,4
10867,1,1,1726,1156,4
10868,0,0,194,1769,4
10869,0,0,599,2244,4
10870,0,0,1815,2487,4
10871,0,0,1332,829,4
10872,1,0,657,938,4
10873,0,0,750,1719,4
10874,0,0,1094,1186,4
10875,0,0,673,332,4
10876,0,0,142,1919,4
10877,0,0,1744,2178,4
10878,0,0,1145,2038,4
10879,0,0,2099,2045,4
10880,0,0,205,1835,4
10881,0,0,1178,1241,4
10882,0,0,59,2464,4
10883,1,1,1579,2160,4
10884,0,0,1227,1415,4
10885,0,0,449,1741,4
10886,0,1,2131,1522,4
10887,0,0,13,392,4
10888,0,0,226,338,4
10889,0,0,1485,1033,4
10890,0,0,226,502,4
10891,0,0,2129,2491,4
10892,0,0,1840,849,4
10893,0,0,226,2427,4
10894,0,0,464,1687,4
10895,1,1,2160,1246,4
10896,0,0,1767,1494,4
10897,0,0,1432,1421,4
10898,1,1,1461,80,4
10899,0,0,1981,1969,4
10900,1,0,256,175,4
10901,0,0,1432,2140,4
10902,0,0,171,987,4
10903,0,0,310,2268,4
10904,0,0,559,2306,4
10905,0,0,944,429,4
10906,0,0,238,1066,4
10907,0,0,926,1486,4
10908,0,0,1840,2045,4
10909,1,1,1137,1165,4
10910,0,0,1235,1227,4
10911,1,1,1531,469,4
10912,0,0,798,2085,4
10913,1,0,2124,452,4
10914,0,0,541,1075,4
10915,0,0,216,911,4
10916,0,0,2011,1618,4
10917,1,1,608,808,4
10918,1,1,1044,158,4
10919,1,1,582,2046,4
10920,0,0,1402,616,4
10921,0,0,960,250,4
10922,0,0,1304,1621,4
10923,0,0,1506,194,4
10924,0,0,345,488,4
10925,0,0,1565,1687,4
10926,0,0,534,1345,4
10927,0,0,1797,432,4
10928,1,1,1565,2602,4
10929,0,0,347,730,4
10930,0,0,345,1547,4
10931,0,0,75,1225,4
10932,0,0,564,359,4
10933,0,0,1693,1887,4
10934,0,0,1307,987,4
10935,0,0,1406,1501,4
10936,1,1,1626,1801,4
10937,0,0,2231,627,4
10938,0,0,190,103,4
10939,0,0,962,901,4
10940,0,0,649,387,4
10941,0,0,428,1213,4
10942,0,0,1428,2201,4
10943,0,0,2116,1643,4
10944,0,0,1178,1391,4
10945,1,1,1939,1107,4
10946,0,0,938,1738,4
10947,1,1,558,1881,4
10948,0,0,464,1157,4
10949,1,1,1309,2415,4
10950,0,0,290,1962,4
10951,0,0,700,1209,4
10952,0,0,1586,103,4
10953,0,0,18,160,4
10954,1,1,71,792,4
10955,0,0,863,1439,4
10956,0,0,1783,1950,4
10957,1,1,700,370,4
10958,0,0,515,2516,4
10959,0,0,593,2093,4
10960,0,0,634,9,4
10961,0,0,574,1438,4
10962,0,0,662,1719,4
10963,0,0,564,968,4
10964,0,0,975,655,4
10965,0,0,2128,454,4
10966,0,0,1044,2392,4
10967,0,0,604,172,4
10968,0,0,1875,1705,4
10969,0,0,1178,2213,4
10970,0,0,561,178,4
10971,0,0,1531,47,4
10972,0,0,1001,1950,4
10973,0,0,198,279,4
10974,0,0,1094,1618,4
10975,1,1,1981,2351,4
10976,0,0,798,2564,4
10977,0,0,547,653,4
10978,0,0,1981,1143,4
10979,0,0,755,2272,4
10980,1,1,2006,888,4
10981,0,0,464,2602,4
10982,0,0,1451,1117,4
10983,0,0,1441,1765,4
10984,0,0,238,1450,4
10985,0,0,170,1349,4
10986,1,1,1450,4,4
10987,0,0,955,1889,4
10988,1,1,975,2332,4
10989,1,1,1813,424,4
10990,0,0,194,250,4
10991,1,1,1586,917,4
10992,0,0,1195,1892,4
10993,0,0,617,1235,4
10994,0,0,1447,123,4
10995,0,0,574,820,4
10996,0,0,632,2340,4
10997,0,0,1044,272,4
10998,0,0,2118,964,4
10999,0,0,1635,2410,4
11000,0,0,1984,1894,4
11001,0,0,2182,2446,4
11002,0,0,633,2346,4
11003,1,1,632,1319,4
11004,1,1,531,1681,4
11005,0,0,1896,85,4
11006,1,1,2292,654,4
11007,0,0,2068,1073,4
11008,0,0,314,32,4
11009,0,0,569,1050,4
11010,0,0,194,1314,4
11011,1,1,1266,264,4
11012,0,0,59,1663,4
11013,0,0,512,1369,4
11014,0,0,1044,203,4
11015,0,0,502,1494,4
11016,0,0,1939,2577,4
11017,0,0,2011,991,4
11018,0,0,1796,896,4
11019,1,1,2169,336,4
11020,0,0,2212,213,4
11021,1,0,2125,1369,4
11022,0,0,960,60,4
11023,1,1,1291,1473,4
11024,0,0,637,2184,4
11025,0,0,972,783,4
11026,1,1,2129,1369,4
11027,0,0,798,2215,4
11028,0,0,916,1153,4
11029,0,0,100,564,4
11030,0,0,820,952,4
11031,0,0,561,136,4
11032,0,0,680,1468,4
11033,0,0,92,1401,4
11034,0,0,882,339,4
11035,0,0,1266,1737,4
11036,0,0,593,2111,4
11037,1,1,2231,1902,4
11038,0,0,122,2411,4
11039,0,0,4420,975,5
11040,0,0,986,1443,5
11041,0,0,2236,903,5
11042,0,0,2336,3785,5
11043,0,0,986,850,5
11044,0,0,1012,3420,5
11045,0,1,588,69,5
11046,0,0,596,5628,5
11047,0,0,3799,1263,5
11048,0,0,1203,4298,5
11049,0,0,385,3293,5
11050,0,0,2783,1375,5
11051,0,0,207,2553,5
11052,0,0,818,1024,5
11053,1,1,1560,1789,5
11054,0,0,4175,5267,5
11055,0,0,1387,4187,5
11056,0,0,1203,5788,5
11057,0,0,4876,4170,5
11058,0,0,1127,4271,5
11059,0,0,3644,2893,5
11060,0,0,194,3714,5
11061,0,0,3072,1207,5
11062,1,1,4638,334,5
11063,0,0,2848,3709,5
11064,0,0,1207,2739,5
11065,0,0,744,3547,5
11066,0,0,2227,728,5
11067,0,0,4930,2634,5
11068,0,0,673,5817,5
11069,0,0,4830,5315,5
11070,0,0,556,5221,5
11071,0,0,2387,131,5
11072,0,0,986,1590,5
11073,0,0,1207,5058,5
11074,1,1,2294,1951,5
11075,0,0,3374,467,5
11076,0,0,2075,4521,5
11077,0,0,1867,5578,5
11078,0,0,3111,3750,5
11079,1,0,649,5329,5
11080,0,0,2908,735,5
11081,1,1,2075,1497,5
11082,0,0,1203,1414,5
11083,0,0,786,1822,5
11084,0,1,2337,644,5
11085,0,0,1867,5896,5
11086,1,1,2989,892,5
11087,0,0,1945,3462,5
11088,1,1,1697,5097,5
11089,0,0,1324,2041,5
11090,0,0,446,579,5
11091,0,0,883,1022,5
11092,0,0,4059,608,5
11093,1,1,3694,3045,5
11094,0,0,3944,3512,5
11095,0,0,1012,72,5
11096,0,0,3779,4165,5
11097,0,0,1540,72,5
11098,0,0,3441,2327,5
11099,0,0,1913,3686,5
11100,0,0,924,1475,5
11101,0,0,1913,5603,5
11102,0,0,1282,4004,5
11103,0,0,4868,539,5
11104,0,0,2139,826,5
11105,0,0,3579,1994,5
11106,0,0,490,2705,5
11107,0,0,3441,1524,5
11108,1,1,2336,49,5
11109,0,0,2483,2637,5
11110,1,1,4892,1275,5
11111,0,0,1697,921,5
11112,0,0,3163,5574,5
11113,0,0,924,1198,5
11114,0,0,1506,3876,5
11115,0,0,3982,1223,5
11116,0,0,3156,2401,5
11117,1,1,2595,1288,5
11118,0,0,1807,2745,5
11119,0,0,194,1242,5
11120,1,1,2752,3103,5
11121,0,0,541,5735,5
11122,0,0,3765,3764,5
11123,0,0,4701,5691,5
11124,1,1,3300,2706,5
11125,0,0,4899,2441,5
11126,1,1,2830,874,5
11127,1,1,35,2885,5
11128,0,0,1867,4913,5
11129,0,0,4830,1251,5
11130,0,0,1127,781,5
11131,0,0,3601,1471,5
11132,0,0,3086,3232,5
11133,0,0,41,4098,5
11134,0,0,1785,5052,5
11135,0,0,1324,1782,5
11136,0,0,4868,5814,5
11137,0,0,3635,5832,5
11138,0,0,3580,5061,5
11139,0,0,448,3333,5
11140,0,0,653,3117,5
11141,0,0,4009,6018,5
11142,0,0,1039,2992,5
11143,0,0,482,1286,5
11144,0,0,207,3653,5
11145,0,0,3060,3708,5
11146,1,1,757,2900,5
11147,0,0,5022,5734,5
11148,1,1,4443,5093,5
11149,0,0,5095,634,5
11150,0,0,2330,2761,5
11151,1,1,2648,5588,5
11152,0,0,1439,3360,5
11153,0,0,4164,4153,5
11154,0,0,1282,2632,5
11155,1,1,2638,5972,5
11156,1,1,5095,122,5
11157,0,0,4120,4994,5
11158,0,0,2024,5675,5
11159,0,0,2662,4829,5
11160,0,0,4420,5013,5
11161,0,0,4941,5933,5
11162,1,1,2350,5937,5
11163,1,1,4215,2574,5
11164,0,0,166,3115,5
11165,0,0,918,2199,5
11166,0,0,4266,3595,5
11167,0,0,4794,5236,5
11168,0,0,4904,4065,5
11169,0,0,3503,1620,5
11170,1,1,4554,639,5
11171,0,0,4120,4081,5
11172,0,0,2158,114,5
11173,0,0,1479,1958,5
11174,0,0,819,2731,5
11175,0,0,488,4570,5
11176,0,0,4886,913,5
11177,0,0,1882,2093,5
11178,0,0,1439,4514,5
11179,0,0,3030,4556,5
11180,0,0,41,2731,5
11181,1,1,2628,2144,5
11182,1,1,1928,3915,5
11183,0,0,3651,3605,5
11184,0,0,2158,2149,5
11185,0,0,673,703,5
11186,1,1,4019,965,5
11187,0,0,3809,3792,5
11188,0,0,2908,2998,5
11189,0,0,4830,1972,5
11190,1,1,1383,4942,5
11191,0,0,4701,3788,5
11192,1,1,1364,5688,5
11193,0,0,818,515,5
11194,0,0,565,5272,5
11195,1,1,4068,2830,5
11196,1,1,4439,2296,5
11197,1,1,4857,2088,5
11198,1,1,1218,4983,5
11199,0,0,607,648,5
11200,0,0,2227,3958,5
11201,0,0,312,4531,5
11202,0,0,3374,4163,5
11203,0,0,2158,4227,5
11204,0,0,883,5009,5
11205,1,1,3016,4126,5
11206,0,0,2730,4087,5
11207,0,0,4657,1597,5
11208,0,0,3915,1103,5
11209,0,0,4899,2805,5
11210,0,0,1890,2441,5
11211,1,1,542,5869,5
11212,0,0,2544,3334,5
11213,0,0,986,1934,5
11214,0,0,5022,3786,5
11215,1,1,2513,5458,5
11216,0,0,760,5976,5
11217,0,0,4446,27,5
11218,0,0,3072,3083,5
11219,0,0,3274,2458,5
11220,0,0,4266,3029,5
11221,0,0,2172,1357,5
11222,0,0,4830,542,5
11223,0,0,4175,4302,5
11224,1,1,3997,1250,5
11225,0,0,588,4946,5
11226,0,0,565,357,5
11227,0,0,2609,5322,5
11228,0,0,4990,3518,5
11229,0,0,4009,4153,5
11230,0,0,3397,1913,5
11231,1,1,693,2463,5
11232,0,0,1127,4988,5
11233,0,0,1178,2469,5
11234,0,0,3591,4790,5
11235,1,1,4383,1137,5
11236,1,1,3061,577,5
11237,0,0,2846,3927,5
11238,0,0,4904,442,5
11239,0,0,4059,710,5
11240,0,0,41,710,5
11241,0,0,4990,2802,5
11242,1,1,3876,2460,5
11243,0,0,3157,4733,5
11244,1,1,3697,4183,5
11245,0,0,890,3617,5
11246,0,0,4862,937,5
11247,1,1,1661,1253,5
11248,0,0,1203,2302,5
11249,0,0,1785,1132,5
11250,0,0,2463,5334,5
11251,0,0,92,1164,5
11252,0,0,4921,2244,5
11253,0,0,1127,4618,5
11254,0,0,2483,1681,5
11255,0,0,556,2634,5
11256,0,0,3601,5798,5
11257,0,0,4744,2505,5
11258,0,0,1735,4657,5
11259,1,1,1277,5258,5
11260,1,1,207,2505,5
11261,0,0,3467,4308,5
11262,1,1,132,1930,5
11263,0,0,3374,5167,5
11264,0,0,4109,4680,5
11265,1,1,3163,3590,5
11266,1,1,2177,3577,5
11267,1,1,819,528,5
11268,0,0,1945,974,5
11269,0,0,3697,343,5
11270,0,0,4189,1720,5
11271,0,0,1372,825,5
11272,0,0,2330,20,5
11273,0,0,4193,1271,5
11274,0,0,596,1782,5
11275,0,0,4191,2863,5
11276,0,0,2227,1015,5
11277,0,0,4009,4399,5
11278,0,0,10,1484,5
11279,0,0,3133,4884,5
11280,0,0,3779,4427,5
11281,0,0,1979,964,5
11282,1,1,1731,5050,5
11283,1,1,612,3796,5
11284,0,0,5022,992,5
11285,0,0,1277,3057,5
11286,0,0,2330,5013,5
11287,0,0,541,3373,5
11288,0,0,2236,1045,5
11289,0,0,4862,4004,5
11290,0,0,2227,5282,5
11291,1,1,974,3718,5
11292,0,0,596,4356,5
11293,0,0,4794,3807,5
11294,0,0,819,1946,5
11295,0,0,1363,2313,5
11296,0,0,3987,3670,5
11297,0,0,5000,2436,5
11298,1,1,2267,4109,5
11299,0,0,1477,2469,5
11300,1,1,1219,1746,5
11301,0,0,2336,2914,5
11302,0,0,974,4965,5
11303,0,0,166,1721,5
11304,0,0,2336,3648,5
11305,0,0,4921,2612,5
11306,1,1,1890,3286,5
11307,0,0,81,5663,5
11308,1,1,2171,5697,5
11309,0,0,2236,5899,5
11310,1,1,1736,5604,5
11311,0,0,3765,5592,5
11312,0,0,1182,1791,5
11313,0,0,482,5158,5
11314,1,1,1289,3974,5
11315,0,0,446,4521,5
11316,1,1,599,4275,5
11317,0,0,1372,3260,5
11318,1,1,3060,4895,5
11319,0,0,826,1159,5
11320,0,0,598,4673,5
11321,0,0,1636,5177,5
11322,0,0,1372,4415,5
11323,0,0,2336,5227,5
11324,1,1,4529,4750,5
11325,0,0,1479,613,5
11326,0,0,1127,1203,5
11327,1,1,1945,1984,5
11328,0,0,1032,3168,5
11329,0,0,1920,1099,5
11330,0,0,92,2241,5
11331,0,0,3697,1464,5
11332,0,0,3563,4456,5
11333,1,1,1876,3799,5
11334,0,0,2783,4646,5
11335,0,0,4599,5116,5
11336,0,0,1697,3753,5
11337,0,0,1383,5852,5
11338,1,1,408,5449,5
11339,0,0,2609,3061,5
11340,0,0,986,597,5
11341,0,0,1324,3041,5
11342,0,0,385,2392,5
11343,0,0,4068,3577,5
11344,0,0,2075,3559,5
11345,1,1,1809,651,5
11346,0,0,381,1138,5
11347,0,0,3374,5199,5
11348,1,1,3412,381,5
11349,0,0,482,4173,5
11350,1,1,3467,2182,5
11351,0,0,3601,4682,5
11352,1,1,4116,3450,5
11353,0,0,2564,3796,5
11354,0,0,1920,5863,5
11355,0,0,4862,2556,5
11356,0,1,3609,2026,5
11357,0,0,1203,3204,5
11358,0,0,532,1575,5
11359,0,0,1888,336,5
11360,0,0,1439,5152,5
11361,0,0,3060,5158,5
11362,0,0,490,5788,5
11363,0,0,5095,4056,5
11364,1,1,3397,4986,5
11365,0,0,4215,1791,5
11366,0,0,3779,1015,5
11367,0,0,4755,4507,5
11368,0,0,1867,90,5
11369,0,0,3467,3820,5
11370,0,0,4765,4562,5
11371,1,1,826,4220,5
11372,0,0,3362,2436,5
11373,0,0,3799,3054,5
11374,0,0,465,4183,5
11375,0,0,4788,5479,5
11376,0,0,3374,4844,5
11377,0,0,2350,2384,5
11378,0,0,92,1362,5
11379,1,1,1363,271,5
11380,0,0,1214,5348,5
11381,1,1,1856,1321,5
11382,0,0,2846,4206,5
11383,0,0,3096,260,5
11384,0,0,3651,4308,5
11385,1,1,68,4927,5
11386,0,0,2139,1545,5
11387,1,1,446,5689,5
11388,0,0,4941,182,5
11389,0,0,488,4145,5
11390,0,0,1005,3566,5
11391,1,1,3580,2868,5
11392,1,1,1479,1714,5
11393,0,0,455,736,5
11394,0,0,4193,1290,5
11395,1,1,786,1132,5
11396,0,0,381,1351,5
11397,0,0,2368,5322,5
11398,0,0,1888,3600,5
11399,1,1,986,5255,5
11400,0,0,2573,4146,5
11401,0,0,465,4766,5
11402,0,0,3441,3737,5
11403,0,1,1372,531,5
11404,0,0,2975,1895,5
11405,0,0,2147,3221,5
11406,0,0,10,4052,5
11407,0,0,1039,2793,5
11408,0,0,3305,644,5
11409,0,0,4701,2806,5
11410,0,0,3697,4766,5
11411,0,0,3016,1540,5
11412,0,0,3654,5901,5
11413,1,1,2020,3034,5
11414,0,0,4120,4530,5
11415,0,0,3861,3984,5
11416,0,0,4904,5288,5
11417,0,0,2874,390,5
11418,0,0,33,2960,5
11419,0,0,5053,5005,5
11420,0,0,1920,4512,5
11421,0,0,3559,2144,5
11422,1,1,2803,5199,5
11423,1,1,3133,1516,5
11424,0,0,2236,4398,5
11425,0,0,951,458,5
11426,0,0,3727,4892,5
11427,0,1,92,4247,5
11428,0,0,786,3876,5
11429,0,0,2573,4854,5
11430,0,0,1888,4274,5
11431,0,0,207,4104,5
11432,0,0,1351,458,5
11433,1,1,2967,1277,5
11434,0,0,2908,1446,5
11435,0,0,1439,1683,5
11436,0,0,786,2841,5
11437,0,0,446,5112,5
11438,0,0,1277,5772,5
11439,0,0,1127,5432,5
11440,0,0,1148,5882,5
11441,1,1,306,4543,5
11442,0,0,1913,3048,5
11443,0,0,649,260,5
11444,0,0,1089,1900,5
11445,0,0,1372,1030,5
11446,0,0,3374,4985,5
11447,0,0,2227,361,5
11448,0,0,1785,1133,5
11449,1,1,4120,4180,5
11450,1,1,2848,4047,5
11451,1,1,2706,384,5
11452,0,0,1039,1024,5
11453,1,1,3882,5657,5
11454,1,1,1012,1222,5
11455,1,0,1500,449,5
11456,0,0,3809,4910,5
11457,1,1,1655,3965,5
11458,0,0,3133,146,5
11459,0,0,4619,807,5
11460,0,0,1787,4823,5
11461,0,0,1510,5010,5
11462,1,1,1607,5,5
11463,1,1,3635,421,5
11464,0,0,673,633,5
11465,0,0,3159,2392,5
11466,0,0,635,3378,5
11467,1,1,2284,4483,5
11468,0,0,2609,4859,5
11469,1,1,4801,6048,5
11470,0,0,2286,4069,5
11471,1,1,10,5104,5
11472,0,0,673,24,5
11473,0,0,490,3369,5
11474,0,0,3157,1279,5
11475,1,1,598,3238,5
11476,0,0,1439,2774,5
11477,1,1,2692,4442,5
11478,0,0,4189,5237,5
11479,0,0,4116,3512,5
11480,0,0,710,2593,5
11481,0,0,1920,2300,5
11482,0,0,2024,3106,5
11483,0,0,1324,477,5
11484,0,0,4619,540,5
11485,0,0,1432,2379,5
11486,0,0,1724,5312,5
11487,0,0,3691,4617,5
11488,1,1,3861,858,5
11489,0,0,3441,2676,5
11490,0,0,4193,1140,5
11491,0,0,4892,5725,5
11492,0,0,92,3186,5
11493,0,0,1218,3025,5
11494,0,0,448,3690,5
11495,0,0,4794,5161,5
11496,0,0,2227,3127,5
11497,0,0,2024,4051,5
11498,0,0,3157,3132,5
11499,0,0,4545,3566,5
11500,0,0,2113,1789,5
11501,0,0,3521,5960,5
11502,0,0,693,3500,5
11503,0,0,2692,2571,5
11504,0,0,1929,3251,5
11505,0,0,1867,3943,5
11506,0,1,2158,3472,5
11507,1,1,3156,186,5
11508,0,0,4903,2103,5
11509,0,0,306,5629,5
11510,0,0,3563,1791,5
11511,0,0,2139,3854,5
11512,0,0,2831,4164,5
11513,1,1,858,146,5
11514,0,0,3345,2484,5
11515,1,1,4157,3295,5
11516,0,0,3441,1115,5
11517,0,0,2988,4801,5
11518,1,1,312,4934,5
11519,0,0,1324,5827,5
11520,0,0,4899,115,5
11521,1,1,4904,2704,5
11522,0,0,1913,681,5
11523,0,0,384,4257,5
11524,0,0,3915,4051,5
11525,1,1,3559,5262,5
11526,0,0,4876,5376,5
11527,1,1,484,3890,5
11528,0,1,3072,4861,5
11529,0,0,4990,1210,5
11530,0,0,4821,2702,5
11531,0,0,3374,3578,5
11532,0,0,4941,1024,5
11533,0,0,10,4205,5
11534,1,1,3799,1875,5
11535,0,0,1061,5615,5
11536,1,1,3468,498,5
11537,0,0,3521,857,5
11538,0,0,818,218,5
11539,0,0,4266,3815,5
11540,1,1,1536,2486,5
11541,0,0,1928,3456,5
11542,0,0,1461,2338,5
11543,1,1,1510,1320,5
11544,0,0,10,1196,5
11545,0,0,3397,2553,5
11546,0,0,883,330,5
11547,0,0,3030,2779,5
11548,1,1,3521,5309,5
11549,1,1,1720,5297,5
11550,0,0,381,1599,5
11551,0,0,1856,5780,5
11552,0,0,69,4847,5
11553,0,0,4175,2108,5
11554,1,1,2908,347,5
11555,0,0,3779,2225,5
11556,0,0,194,5331,5
11557,1,1,1320,4702,5
11558,0,0,3305,1625,5
11559,0,0,1506,2081,5
11560,0,0,2483,3713,5
11561,0,0,1945,4311,5
11562,0,0,1479,2866,5
11563,0,0,818,5933,5
11564,0,0,4164,5124,5
11565,0,0,484,829,5
11566,0,0,826,793,5
11567,1,1,2330,975,5
11568,0,0,1506,1158,5
11569,0,0,4420,4880,5
11570,1,1,2016,605,5
11571,0,0,2874,5092,5
11572,0,0,69,1642,5
11573,0,0,1479,3112,5
11574,0,0,2113,4525,5
11575,0,0,607,5897,5
11576,0,0,2774,1377,5
11577,0,0,476,4006,5
11578,0,0,3467,4136,5
11579,0,0,2147,4424,5
11580,0,0,653,2248,5
11581,0,0,4446,1242,5
11582,0,0,3982,3830,5
11583,0,0,3071,5208,5
11584,0,0,1438,1678,5
11585,0,0,4921,2063,5
11586,0,0,1032,3793,5
11587,0,0,4512,560,5
11588,0,0,862,552,5
11589,0,0,4904,3174,5
11590,0,0,710,1833,5
11591,0,0,2830,2022,5
11592,0,0,1348,4469,5
11593,0,0,3374,1902,5
11594,0,0,2752,2903,5
11595,0,0,3441,1358,5
11596,1,1,2371,5349,5
11597,0,0,1218,1430,5
11598,1,1,556,5938,5
11599,0,0,4794,2604,5
11600,1,1,304,3629,5
11601,0,0,3030,2179,5
11602,0,0,1127,3848,5
11603,0,0,986,2911,5
11604,0,0,1697,570,5
11605,0,0,2831,4590,5
11606,0,0,890,1286,5
11607,0,0,2075,5112,5
11608,0,0,384,69,5
11609,0,0,2537,2954,5
11610,1,1,951,5783,5
11611,0,0,819,4702,5
11612,0,0,3060,1545,5
11613,0,0,1127,2577,5
11614,0,0,710,4240,5
11615,0,0,482,852,5
11616,0,0,1506,964,5
11617,1,1,3765,3444,5
11618,0,0,3697,3362,5
11619,1,1,4637,2126,5
11620,0,0,1277,1031,5
11621,0,0,5000,1913,5
11622,0,0,565,5797,5
11623,0,0,2368,4859,5
11624,0,0,3347,513,5
11625,0,1,2147,261,5
11626,0,0,3503,2425,5
11627,0,0,384,3718,5
11628,0,0,2330,5171,5
11629,1,1,2564,2959,5
11630,0,0,448,284,5
11631,0,0,4892,3478,5
11632,0,0,2609,3727,5
11633,0,0,1214,2852,5
11634,1,1,3096,4496,5
11635,1,1,1807,4975,5
11636,0,0,3609,510,5
11637,0,0,2975,3130,5
11638,0,0,1214,1389,5
11639,0,0,2330,4895,5
11640,0,0,2831,2116,5
11641,0,0,3861,5921,5
11642,0,0,2171,39,5
11643,0,0,1289,326,5
11644,0,0,2483,2854,5
11645,0,0,3609,1848,5
11646,1,1,532,2931,5
11647,0,0,2752,1487,5
11648,0,0,710,3372,5
11649,0,0,42,2038,5
11650,0,0,2003,3688,5
11651,0,1,885,2233,5
11652,0,0,3691,5154,5
11653,0,0,4446,3510,5
11654,0,0,938,5258,5
11655,0,0,1856,2676,5
11656,0,0,2387,5536,5
11657,0,0,1432,405,5
11658,0,0,1127,4158,5
11659,0,0,818,4681,5
11660,1,1,4191,604,5
11661,0,0,4892,5779,5
11662,0,0,951,5282,5
11663,0,0,1785,1743,5
11664,0,0,1432,5179,5
11665,0,0,42,5841,5
11666,1,1,2139,3904,5
11667,1,1,1662,45,5
11668,1,1,1438,3692,5
11669,1,1,1787,3707,5
11670,0,0,3949,3214,5
11671,0,0,1856,4955,5
11672,1,1,4921,1932,5
11673,0,0,4068,1403,5
11674,0,1,3376,5627,5
11675,0,0,4059,61,5
11676,1,1,1888,1702,5
11677,0,0,2387,4122,5
11678,0,0,4857,4525,5
11679,1,1,1929,3980,5
11680,1,1,42,734,5
11681,0,0,2075,4801,5
11682,0,0,1423,1589,5
11683,0,0,1479,3633,5
11684,0,0,5095,3830,5
11685,0,0,4857,1170,5
11686,0,0,4947,536,5
11687,0,0,2073,431,5
11688,1,1,673,1053,5
11689,0,0,1910,3609,5
11690,1,1,4619,2586,5
11691,0,0,3467,2301,5
11692,0,0,3609,6038,5
11693,0,0,1207,5422,5
11694,0,0,924,5974,5
11695,0,0,3651,3387,5
11696,0,0,826,556,5
11697,1,1,2573,5310,5
11698,0,0,393,4468,5
11699,0,0,1351,3719,5
11700,0,0,4093,1809,5
11701,0,0,3503,5930,5
11702,0,0,588,679,5
11703,0,0,532,4312,5
11704,0,0,1439,5098,5
11705,0,0,3691,3986,5
11706,0,0,3915,3540,5
11707,0,0,87,4604,5
11708,0,0,3609,5012,5
11709,0,0,87,2347,5
11710,1,1,2988,2338,5
11711,0,0,1913,2579,5
11712,1,1,120,3948,5
11713,0,0,2874,3017,5
11714,1,1,2783,2528,5
11715,0,0,4096,3006,5
11716,0,0,4941,4681,5
11717,0,0,3635,1224,5
11718,0,0,33,5952,5
11719,0,0,2537,5639,5
11720,0,0,3503,1763,5
11721,0,0,1867,5948,5
11722,0,0,3635,4320,5
11723,0,0,803,903,5
11724,0,0,1439,3737,5
11725,1,1,4613,2759,5
11726,0,0,490,5196,5
11727,0,0,1282,2414,5
11728,0,0,2573,2413,5
11729,0,0,3096,5253,5
11730,0,0,2483,385,5
11731,1,1,1913,5129,5
11732,0,0,4599,2782,5
11733,1,1,4949,64,5
11734,0,0,87,1622,5
11735,0,0,2139,6042,5
11736,0,0,2911,425,5
11737,0,0,1945,1180,5
11738,0,0,2286,1789,5
11739,0,0,4886,5112,5
11740,0,0,1423,4007,5
11741,0,0,818,182,5
11742,0,0,4868,4622,5
11743,0,0,69,2608,5
11744,0,0,2988,5460,5
11745,0,0,2752,2572,5
11746,0,0,3072,3388,5
11747,0,0,693,3447,5
11748,1,1,890,6044,5
11749,1,1,2036,4509,5
11750,0,0,1477,4576,5
11751,0,0,1439,1830,5
11752,0,0,33,2688,5
11753,0,0,2236,1560,5
11754,1,1,3503,5610,5
11755,0,0,3861,3854,5
11756,0,0,938,5520,5
11757,0,0,33,319,5
11758,0,0,166,1742,5
11759,0,0,304,654,5
11760,0,0,1432,2462,5
11761,0,0,1348,3602,5
11762,0,0,1461,6012,5
11763,1,1,3159,4418,5
11764,1,1,4941,2793,5
11765,0,0,446,1497,5
11766,0,0,1888,3042,5
11767,1,1,4164,175,5
11768,0,0,1461,579,5
11769,0,0,3579,2978,5
11770,1,1,3086,3272,5
11771,0,0,1012,2798,5
11772,0,0,4899,4826,5
11773,1,1,643,4548,5
11774,0,0,1039,515,5
11775,0,0,1372,901,5
11776,1,1,1544,4926,5
11777,1,1,4868,2078,5
11778,0,0,3468,1168,5
11779,0,0,4175,112,5
11780,0,0,1061,3322,5
11781,0,0,1218,5265,5
11782,0,0,1229,2006,5
11783,0,0,4990,5053,5
11784,0,0,304,5577,5
11785,0,0,1203,4123,5
11786,0,0,4193,3235,5
11787,0,0,4868,333,5
11788,0,0,490,1182,5
11789,1,1,1921,1519,5
11790,1,0,1446,5658,5
11791,1,1,3021,4184,5
11792,1,1,4599,4892,5
11793,0,0,33,3950,5
11794,1,1,2744,1868,5
11795,0,0,4821,3320,5
11796,0,0,3691,4381,5
11797,1,1,3030,1858,5
11798,0,0,166,3160,5
11799,0,0,4941,906,5
11800,0,0,786,1133,5
11801,0,0,3521,2920,5
11802,1,1,967,2331,5
11803,0,0,1432,5355,5
11804,1,1,1732,4515,5
11805,0,0,4009,5189,5
11806,0,0,1928,1785,5
11807,0,0,1218,1652,5
11808,0,0,2846,5838,5
11809,0,0,2874,3267,5
11810,0,0,3441,4776,5
11811,1,1,4862,628,5
11812,0,0,1320,2883,5
11813,0,0,1945,5141,5
11814,0,0,4892,1475,5
11815,0,0,3503,5648,5
11816,0,0,3133,829,5
11817,0,0,2075,4526,5
11818,0,0,4941,3872,5
11819,0,0,2846,2884,5
11820,0,0,2874,1748,5
11821,0,0,207,710,5
11822,0,0,1477,1295,5
11823,0,0,1920,413,5
11824,0,0,986,59,5
11825,1,1,1714,27,5
11826,0,0,1697,1635,5
11827,0,0,2693,204,5
11828,0,0,3397,2809,5
11829,0,0,2831,3917,5
11830,0,0,4857,2604,5
11831,0,0,3072,4058,5
11832,0,0,2573,1217,5
11833,0,0,4529,644,5
11834,0,0,3563,5441,5
11835,0,0,4930,5938,5
11836,0,0,2336,322,5
11837,0,0,2336,3974,5
11838,0,0,3274,1576,5
11839,0,0,3579,2860,5
11840,1,1,2874,4235,5
11841,0,0,1913,422,5
11842,0,1,2175,5272,5
11843,0,0,2147,2233,5
11844,0,0,4638,2121,5
11845,0,0,4794,1545,5
11846,0,0,885,261,5
11847,0,0,1890,852,5
11848,1,1,3995,2272,5
11849,0,0,3779,5660,5
11850,1,1,4093,89,5
11851,0,0,33,3550,5
11852,1,1,58,1668,5
11853,0,0,565,5089,5
11854,1,1,918,164,5
11855,0,0,1039,906,5
11856,0,0,4949,5954,5
11857,0,0,1432,2259,5
11858,0,0,3441,5141,5
11859,0,0,179,5247,5
11860,0,0,541,4905,5
11861,0,0,598,2009,5
11862,0,0,2391,5974,5
11863,0,0,488,2667,5
11864,0,0,446,2037,5
11865,0,0,4619,4012,5
11866,1,1,3958,3906,5
11867,0,0,951,5574,5
11868,0,0,2483,840,5
11869,0,0,5022,5304,5
11870,1,1,5022,1499,5
11871,0,0,4096,2743,5
11872,1,1,1061,4593,5
11873,0,0,455,4842,5
11874,0,0,490,1483,5
11875,0,0,2774,1817,5
11876,0,0,4868,4372,5
11877,1,1,4930,1625,5
11878,0,0,4921,2522,5
11879,1,1,2391,480,5
11880,1,1,2614,4778,5
11881,0,0,2662,5976,5
11882,0,0,41,1475,5
11883,0,0,4193,3378,5
11884,0,0,2075,4790,5
11885,0,0,2929,62,5
11886,0,0,4222,3055,5
11887,0,0,3860,3577,5
11888,1,1,385,5103,5
11889,0,0,5022,4881,5
11890,1,1,2113,3648,5
11891,0,0,3156,3333,5
11892,1,1,4681,5976,5
11893,0,0,3591,2039,5
11894,1,1,2938,3028,5
11895,0,0,448,4206,5
11896,1,1,2730,4535,5
11897,1,1,3362,438,5
11898,0,0,4941,5093,5
11899,0,0,883,4179,5
11900,0,0,710,2387,5
11901,0,0,1479,4226,5
11902,0,0,3467,5925,5
11903,1,1,4189,2990,5
11904,0,0,4175,707,5
11905,0,0,951,204,5
11906,0,1,4788,534,5
11907,1,1,4096,3873,5
11908,1,1,869,3719,5
11909,0,0,4949,2842,5
11910,0,0,1277,4908,5
11911,1,1,3114,1129,5
11912,0,0,4068,1295,5
11913,1,1,2992,3952,5
11914,0,0,4862,3489,5
11915,0,0,4446,1150,5
11916,0,0,2744,4602,5
11917,0,0,2564,4184,5
11918,0,0,393,2035,5
11919,0,0,4949,3850,5
11920,0,0,4439,5588,5
11921,0,0,3779,3101,5
11922,0,0,4862,5144,5
11923,1,1,3193,4743,5
11924,0,0,4096,4976,5
11925,0,0,2284,3379,5
11926,1,1,4121,3414,5
11927,0,0,2368,2233,5
11928,0,0,4904,1995,5
11929,0,0,1203,3163,5
11930,0,0,710,1193,5
11931,1,1,3809,5959,5
11932,0,0,304,5348,5
11933,0,0,5095,502,5
11934,0,0,2967,3789,5
11935,0,0,1207,1103,5
11936,0,0,42,3806,5
11937,1,1,2521,449,5
11938,0,0,556,3457,5
11939,0,0,3342,4778,5
11940,0,0,3779,4561,5
11941,0,0,2275,4372,5
11942,0,0,446,2614,5
11943,0,0,3441,4181,5
11944,0,0,2748,343,5
11945,0,0,1500,2441,5
11946,1,1,3601,5444,5
11947,0,0,588,3772,5
11948,0,0,4930,5065,5
11949,0,0,556,1327,5
11950,0,0,5022,1791,5
11951,1,1,1477,5934,5
11952,0,0,1277,1095,5
11953,0,0,385,296,5
11954,0,0,2521,3286,5
11955,0,0,2227,4216,5
11956,0,0,490,2598,5
11957,0,0,1506,1165,5
11958,0,0,448,186,5
11959,0,0,803,2179,5
11960,0,0,3654,5987,5
11961,1,1,3558,1831,5
11962,0,0,446,4801,5
11963,1,1,565,495,5
11964,0,0,3376,5849,5
11965,0,0,4857,5584,5
11966,0,0,744,1480,5
11967,0,0,4189,2374,5
11968,0,0,2783,6031,5
11969,0,0,1214,4722,5
11970,0,0,3691,5199,5
11971,0,0,1039,1482,5
11972,0,0,1920,222,5
11973,0,0,1203,5536,5
11974,0,0,4892,5145,5
11975,0,0,304,5241,5
11976,0,0,2874,3383,5
11977,0,0,2350,2255,5
11978,0,0,69,594,5
11979,1,1,3071,3155,5
11980,1,1,2471,5723,5
11981,0,0,1282,1403,5
11982,0,0,251,182,5
11983,0,0,3651,406,5
11984,0,0,2752,5671,5
11985,1,1,1089,4379,5
11986,1,1,4990,1577,5
11987,1,1,381,5630,5
11988,0,0,1277,4415,5
11989,0,0,4990,5350,5
11990,1,1,4193,2374,5
11991,0,0,1039,182,5
11992,0,0,3654,3319,5
11993,0,0,2846,2430,5
11994,0,0,818,3023,5
11995,0,0,4990,5758,5
11996,0,0,2073,4596,5
11997,0,0,883,3492,5
11998,0,0,3376,2310,5
11999,0,0,3503,1205,5
12000,0,0,385,2579,5
12001,1,1,347,2696,5
12002,0,0,5098,2170,5
12003,0,0,883,5354,5
12004,0,0,1039,218,5
12005,1,1,1243,5280,5
12006,0,0,4193,5106,5
12007,0,0,2387,11,5
12008,0,0,4266,1651,5
12009,1,1,4657,3178,5
12010,0,0,42,605,5
12011,0,0,1882,1263,5
12012,0,0,3157,3587,5
12013,1,1,1523,958,5
12014,0,0,304,3115,5
12015,0,0,3441,3976,5
12016,0,0,393,2805,5
12017,0,0,448,2637,5
12018,1,1,649,441,5
12019,0,0,3467,3777,5
12020,0,0,883,2552,5
12021,0,0,3563,1428,5
12022,0,0,92,5467,5
12023,0,0,4383,2499,5
12024,1,1,1194,3797,5
12025,0,0,883,4700,5
12026,0,0,2929,5390,5
12027,0,0,1324,5304,5
12028,0,0,4189,3391,5
12029,0,0,4545,1789,5
12030,0,0,4941,3543,5
12031,0,0,1888,3204,5
12032,0,0,4059,4098,5
12033,0,0,3651,995,5
12034,1,1,69,738,5
12035,0,0,1479,3363,5
12036,1,1,4980,3627,5
12037,0,0,3654,813,5
12038,0,0,3691,1532,5
12039,0,0,588,1151,5
12040,0,0,3579,5551,5
12041,0,0,1039,5082,5
12042,0,0,448,2430,5
12043,1,1,292,4969,5
12044,0,0,3799,2144,5
12045,0,0,4876,382,5
12046,0,0,3217,465,5
12047,0,0,4904,4372,5
12048,0,0,2693,2311,5
12049,0,0,3563,867,5
12050,0,0,883,176,5
12051,0,0,596,1620,5
12052,0,0,1697,2773,5
12053,0,0,951,136,5
12054,1,1,2117,1511,5
12055,1,1,1882,2940,5
12056,0,0,1543,3374,5
12057,1,1,924,2083,5
12058,1,1,488,5516,5
12059,0,0,3697,5826,5
12060,0,0,3644,4553,5
12061,1,1,1324,469,5
12062,1,1,1867,3756,5
12063,0,0,1439,4873,5
12064,0,0,4059,5089,5
12065,0,0,2483,2708,5
12066,0,0,2387,877,5
12067,1,1,1506,1743,5
12068,0,0,490,3455,5
12069,1,1,4876,2529,5
12070,0,0,2846,160,5
12071,0,0,1697,2781,5
12072,0,0,384,5906,5
12073,0,0,1809,1344,5
12074,0,0,2275,3154,5
12075,0,0,3861,2499,5
12076,1,1,4614,5450,5
12077,0,0,643,5335,5
12078,0,0,1787,2195,5
12079,0,0,1207,887,5
12080,0,0,951,211,5
12081,0,0,194,3963,5
12082,1,1,1637,1969,5
12083,0,0,1219,5995,5
12084,0,0,179,4090,5
12085,0,0,3214,2622,5
12086,0,0,2024,4087,5
12087,0,0,1913,5891,5
12088,0,0,4921,988,5
12089,1,1,1500,5342,5
12090,0,0,4794,4744,5
12091,0,0,87,2308,5
12092,1,1,2368,261,5
12093,0,0,951,2426,5
12094,1,1,33,1494,5
12095,0,0,2177,3928,5
12096,0,0,3060,3411,5
12097,0,0,2744,5052,5
12098,0,0,673,5720,5
12099,0,0,4175,4160,5
12100,0,0,482,4493,5
12101,0,0,1856,5796,5
12102,0,0,3654,305,5
12103,0,0,1348,5882,5
12104,1,1,2537,230,5
12105,0,0,2874,3321,5
12106,0,0,4904,5955,5
12107,0,0,3609,512,5
12108,1,1,1335,4197,5
12109,1,1,2887,2592,5
12110,0,0,2564,896,5
12111,0,0,596,3244,5
12112,0,0,1439,4875,5
12113,0,0,4545,5966,5
12114,0,0,2387,4444,5
12115,1,1,695,3605,5
12116,0,0,596,847,5
12117,1,1,979,3840,5
12118,0,0,1929,1447,5
12119,0,0,3601,1632,5
12120,1,1,41,1694,5
12121,0,0,4392,3791,5
12122,0,0,607,3445,5
12123,0,0,448,4638,5
12124,0,0,2227,2367,5
12125,0,0,1324,2744,5
12126,0,0,3376,2688,5
12127,0,0,4446,1617,5
12128,1,1,4069,5295,5
12129,0,0,3563,721,5
12130,0,0,3157,2252,5
12131,1,1,1351,5008,5
12132,0,0,394,4687,5
12133,0,0,604,1771,5
12134,0,0,10,3330,5
12135,0,0,1372,5436,5
12136,0,0,3467,1037,5
12137,0,0,2113,4175,5
12138,0,0,490,4757,5
12139,0,0,3628,2902,5
12140,0,0,3503,5489,5
12141,0,0,3468,4591,5
12142,0,0,4266,5005,5
12143,0,0,448,2401,5
12144,1,1,3111,3706,5
12145,1,1,3214,1931,5
12146,0,0,819,5068,5
12147,1,0,2521,5342,5
12148,0,0,92,4440,5
12149,0,0,1785,3470,5
12150,0,0,166,2579,5
12151,0,0,3503,3811,5
12152,1,1,1636,507,5
12153,0,0,1714,3356,5
12154,1,1,1214,3160,5
12155,1,1,2609,4115,5
12156,1,1,2669,5792,5
12157,0,0,1335,3883,5
12158,1,1,2286,1170,5
12159,0,0,4656,4069,5
12160,1,1,4899,5974,5
12161,0,0,3274,1263,5
12162,1,1,2748,3676,5
12163,0,0,599,4730,5
12164,1,1,1362,1128,5
12165,1,1,2999,5573,5
12166,0,0,4941,515,5
12167,0,0,4439,5145,5
12168,0,0,2609,2296,5
12169,0,0,1214,422,5
12170,1,1,1148,4007,5
12171,0,0,1214,1890,5
12172,1,1,81,5921,5
12173,0,0,673,503,5
12174,0,1,1032,1362,5
12175,0,0,986,1035,5
12176,0,0,1207,4512,5
12177,1,1,3982,1739,5
12178,0,0,4096,917,5
12179,0,0,3072,1264,5
12180,1,1,19,1263,5
12181,0,0,2638,1086,5
12182,0,0,4990,4768,5
12183,0,0,1787,4263,5
12184,0,0,2846,1781,5
12185,0,0,2350,5139,5
12186,0,0,3591,5689,5
12187,0,0,1655,5694,5
12188,0,0,924,1771,5
12189,1,0,951,2485,5
12190,0,0,4830,6027,5
12191,0,0,803,1560,5
12192,0,0,556,720,5
12193,0,0,81,3854,5
12194,0,0,87,1748,5
12195,0,0,1945,3388,5
12196,0,0,41,1049,5
12197,0,0,3635,2700,5
12198,1,1,2313,4161,5
12199,0,0,2016,5393,5
12200,0,0,1203,3717,5
12201,0,0,900,47653,9
12202,0,0,2342,18929,9
12203,0,0,1832,58157,9
12204,0,1,1882,9589,9
12205,0,0,1943,40478,9
12206,1,0,2137,16511,9
12207,0,0,1786,59095,9
12208,0,0,1868,10117,9
12209,0,0,1135,11391,9
12210,0,0,933,4564,9
12211,0,0,1994,38478,9
12212,0,0,834,20921,9
12213,0,0,2351,24779,9
12214,0,0,2027,34888,9
12215,0,0,87,51168,9
12216,0,0,957,15332,9
12217,0,0,12,32988,9
12218,0,0,1052,10745,9
12219,1,1,694,40289,9
12220,0,0,266,58914,9
12221,0,1,920,34930,9
12222,0,0,1072,26732,9
12223,0,0,861,26702,9
12224,0,0,2326,22002,9
12225,0,0,481,1290,9
12226,0,0,1645,11653,9
12227,0,0,1793,56769,9
12228,0,0,1396,3213,9
12229,0,0,1496,54489,9
12230,1,1,1904,35998,9
12231,0,0,282,10991,9
12232,0,0,1933,19958,9
12233,0,0,1222,44728,9
12234,0,0,294,54972,9
12235,1,1,6,16121,9
12236,0,0,1882,6612,9
12237,0,0,2032,22321,9
12238,1,1,1071,49885,9
12239,0,0,2424,1776,9
12240,0,0,2041,39374,9
12241,0,0,1496,29526,9
12242,0,0,2022,1288,9
12243,0,0,344,28061,9
12244,0,0,2169,43267,9
12245,0,0,856,29720,9
12246,0,0,1219,60526,9
12247,0,0,2333,21620,9
12248,0,0,627,14138,9
12249,0,0,1660,59574,9
12250,0,0,2068,37757,9
12251,0,0,215,22002,9
12252,0,0,398,23482,9
12253,0,0,2367,32381,9
12254,1,1,721,5828,9
12255,0,0,289,25860,9
12256,0,0,87,40120,9
12257,0,0,2041,53879,9
12258,0,0,1792,18321,9
12259,0,0,477,7029,9
12260,0,0,1592,49063,9
12261,0,0,282,13282,9
12262,0,0,547,35675,9
12263,0,0,920,31185,9
12264,0,0,491,53746,9
12265,0,0,1962,17802,9
12266,0,0,1161,17237,9
12267,1,1,238,35146,9
12268,0,0,131,24621,9
12269,0,0,2473,39733,9
12270,0,0,238,35248,9
12271,0,0,1828,39340,9
12272,1,1,470,28846,9
12273,0,0,953,20356,9
12274,0,0,778,8279,9
12275,0,0,378,50624,9
12276,0,0,430,61114,9
12277,0,0,73,5778,9
12278,0,0,2022,27567,9
12279,1,1,2179,38071,9
12280,0,0,2342,9131,9
12281,0,0,12,6363,9
12282,0,0,1398,47317,9
12283,0,0,73,46007,9
12284,0,0,123,2097,9
12285,0,0,2169,19564,9
12286,0,0,961,32413,9
12287,1,1,1525,59349,9
12288,0,0,34,21764,9
12289,0,0,1334,27283,9
12290,0,0,266,28878,9
12291,0,0,977,54179,9
12292,0,0,1795,45936,9
12293,1,1,1566,19559,9
12294,1,1,1629,8083,9
12295,1,1,2289,16968,9
12296,0,0,546,45708,9
12297,1,1,1655,15495,9
12298,0,0,2497,6347,9
12299,0,0,856,3526,9
12300,0,0,1933,3169,9
12301,1,0,2434,18289,9
12302,0,0,1194,39297,9
12303,0,0,667,11593,9
12304,0,0,2333,12876,9
12305,0,0,1943,31074,9
12306,1,1,70,9357,9
12307,1,1,1795,45043,9
12308,0,0,1052,51743,9
12309,0,0,823,32290,9
12310,0,0,2027,53953,9
12311,1,1,1974,1036,9
12312,0,0,1878,32310,9
12313,0,0,118,36058,9
12314,0,0,41,49421,9
12315,0,0,1236,43145,9
12316,0,0,547,25489,9
12317,0,0,782,17362,9
12318,1,0,1068,32402,9
12319,0,0,318,9084,9
12320,0,1,269,52646,9
12321,0,0,1611,17676,9
12322,1,1,586,59215,9
12323,1,1,823,16875,9
12324,1,1,77,44890,9
12325,0,0,593,1749,9
12326,0,0,1828,11705,9
12327,0,0,1589,21604,9
12328,0,0,2033,10202,9
12329,0,0,594,48431,9
12330,1,1,2293,18382,9
12331,0,0,1162,40021,9
12332,0,0,795,20442,9
12333,0,0,363,1867,9
12334,1,1,2021,10712,9
12335,0,0,233,36783,9
12336,0,0,2066,48471,9
12337,1,1,1068,39530,9
12338,0,0,398,40196,9
12339,0,0,318,22155,9
12340,1,1,1677,4732,9
12341,0,0,1064,19521,9
12342,0,0,1584,28555,9
12343,1,1,2434,58755,9
12344,0,0,1949,55001,9
12345,0,0,1780,40112,9
12346,1,1,1665,6839,9
12347,0,0,486,55163,9
12348,0,0,70,35654,9
12349,0,0,2068,36924,9
12350,0,0,861,16012,9
12351,0,0,284,17351,9
12352,0,0,70,52316,9
12353,0,0,430,29710,9
12354,0,0,1135,36684,9
12355,0,0,2427,21466,9
12356,0,0,1638,2765,9
12357,1,1,2022,56169,9
12358,0,0,1807,49923,9
12359,0,0,921,4532,9
12360,1,1,1481,12640,9
12361,0,0,212,3313,9
12362,0,0,500,1280,9
12363,0,0,2441,5010,9
12364,0,0,861,58441,9
12365,1,1,1048,35689,9
12366,0,0,282,31112,9
12367,1,1,974,17232,9
12368,0,0,379,60106,9
12369,0,0,1784,18957,9
12370,0,0,442,57789,9
12371,1,1,1025,34212,9
12372,0,0,1629,4252,9
12373,0,0,1955,27785,9
12374,0,0,1052,21207,9
12375,0,0,2307,13160,9
12376,0,0,815,59243,9
12377,0,0,762,26110,9
12378,0,0,1264,38129,9
12379,1,1,1792,805,9
12380,0,0,1784,57797,9
12381,1,0,2386,9501,9
12382,0,0,1025,48674,9
12383,0,1,200,27986,9
12384,0,0,1780,18925,9
12385,0,0,1883,9453,9
12386,0,0,2066,40419,9
12387,0,0,2327,50903,9
12388,1,1,2481,15897,9
12389,0,0,2065,44288,9
12390,0,0,1878,13549,9
12391,0,0,1784,10117,9
12392,0,0,581,1360,9
12393,0,0,2329,60511,9
12394,1,0,60,16699,9
12395,0,0,486,48167,9
12396,0,0,1898,32521,9
12397,0,0,299,56692,9
12398,0,0,177,36566,9
12399,0,0,477,12096,9
12400,0,0,238,26835,9
12401,0,0,504,16509,9
12402,0,0,1582,14092,9
12403,0,0,2329,52993,9
12404,0,0,281,4521,9
12405,0,0,2046,28737,9
12406,0,0,1122,8908,9
12407,0,0,393,27986,9
12408,0,1,2386,7377,9
12409,0,1,2297,17711,9
12410,0,0,1976,31297,9
12411,0,0,2493,6722,9
12412,0,0,2497,45551,9
12413,0,0,180,10652,9
12414,0,0,523,48595,9
12415,0,0,2333,61261,9
12416,0,0,1068,33993,9
12417,0,0,807,15775,9
12418,0,0,1073,6612,9
12419,0,0,1219,3674,9
12420,0,0,597,45436,9
12421,0,0,1786,22781,9
12422,0,0,393,60986,9
12423,1,0,238,42197,9
12424,0,0,450,23880,9
12425,0,0,1109,35689,9
12426,0,0,546,17223,9
12427,0,0,1553,1292,9
12428,1,1,500,14944,9
12429,0,0,1135,41640,9
12430,0,0,2279,484,9
12431,0,1,1750,13808,9
12432,0,0,626,33329,9
12433,0,0,2307,2738,9
12434,0,0,2367,12958,9
12435,0,0,1180,3335,9
12436,0,0,2026,49755,9
12437,0,0,1264,18957,9
12438,0,0,230,39668,9
12439,0,0,1588,6057,9
12440,0,0,1488,29710,9
12441,1,1,1515,13983,9
12442,0,0,1334,30632,9
12443,0,0,626,56665,9
12444,0,1,180,30482,9
12445,0,0,1037,50279,9
12446,0,1,2083,54042,9
12447,1,1,1107,47909,9
12448,0,0,1037,60815,9
12449,0,0,952,17135,9
12450,0,0,927,36889,9
12451,0,0,2386,10024,9
12452,0,0,1544,54998,9
12453,0,0,1454,1126,9
12454,0,0,1793,21409,9
12455,0,0,1896,31221,9
12456,0,0,977,53735,9
12457,1,1,1799,6613,9
12458,0,0,563,33993,9
12459,1,1,299,1505,9
12460,0,0,466,9072,9
12461,0,0,1793,59447,9
12462,0,0,190,36179,9
12463,0,0,1282,53712,9
12464,1,0,87,47653,9
12465,0,0,2027,2464,9
12466,0,0,778,10270,9
12467,1,1,379,6136,9
12468,0,0,795,50750,9
12469,0,0,410,43188,9
12470,0,0,1655,44512,9
12471,0,0,1796,38302,9
12472,0,0,1064,16913,9
12473,0,0,861,21614,9
12474,0,0,1865,48781,9
12475,0,0,1195,36562,9
12476,0,0,2041,36108,9
12477,0,0,106,51381,9
12478,0,0,2449,24109,9
12479,0,0,2028,14989,9
12480,0,0,1398,25202,9
12481,0,0,1321,37464,9
12482,0,0,259,22850,9
12483,0,0,1334,34049,9
12484,0,0,2026,32622,9
12485,0,0,1878,8132,9
12486,0,0,1282,47858,9
12487,0,1,1485,9626,9
12488,0,0,1121,1429,9
12489,1,1,1784,3118,9
12490,1,1,1215,35307,9
12491,0,0,1865,59709,9
12492,0,0,581,58002,9
12493,0,0,177,35185,9
12494,0,0,1071,6172,9
12495,0,0,957,27771,9
12496,1,1,1675,38,9
12497,0,0,859,17903,9
12498,0,0,1025,40713,9
12499,1,1,27,21036,9
12500,0,0,300,2553,9
12501,0,0,1994,58519,9
12502,0,0,118,29710,9
12503,0,0,2341,32601,9
12504,0,0,284,25611,9
12505,0,0,1180,18162,9
12506,0,1,2026,24418,9
12507,0,0,922,45405,9
12508,0,0,1194,21973,9
12509,0,0,721,46469,9
12510,0,0,546,17028,9
12511,1,1,2295,23362,9
12512,0,0,34,26408,9
12513,0,0,659,43656,9
12514,0,0,430,36049,9
12515,0,0,2034,54594,9
12516,0,0,2307,21209,9
12517,0,0,429,9501,9
12518,0,0,597,40196,9
12519,0,0,921,56025,9
12520,0,0,1523,41756,9
12521,0,0,2449,9612,9
12522,0,0,432,32466,9
12523,0,0,470,50022,9
12524,1,1,2182,53638,9
12525,0,0,1793,57788,9
12526,0,0,2307,13643,9
12527,0,0,318,47211,9
12528,0,0,1784,28998,9
12529,0,0,1037,22861,9
12530,0,0,367,37814,9
12531,0,0,1943,3104,9
12532,0,0,2351,37155,9
12533,1,1,747,40896,9
12534,0,0,2137,60164,9
12535,0,0,721,60461,9
12536,0,0,87,7029,9
12537,0,0,1171,24114,9
12538,0,0,628,26331,9
12539,0,0,1650,21363,9
12540,0,0,152,7361,9
12541,0,0,871,22847,9
12542,0,0,1865,43959,9
12543,0,0,459,22986,9
12544,0,0,1792,50208,9
12545,0,0,504,405,9
12546,0,0,856,49939,9
12547,0,0,2351,32412,9
12548,0,0,200,39203,9
12549,0,0,2065,448,9
12550,0,0,289,939,9
12551,0,0,2461,26493,9
12552,0,0,2066,55504,9
12553,0,0,2041,32260,9
12554,0,0,180,18650,9
12555,0,0,696,41593,9
12556,0,0,269,2109,9
12557,0,0,1568,1799,9
12558,0,0,1665,23745,9
12559,0,0,977,24870,9
12560,0,0,1219,30618,9
12561,0,0,974,45363,9
12562,0,0,2325,1857,9
12563,0,0,581,22051,9
12564,0,0,1784,6451,9
12565,0,0,1621,34606,9
12566,0,0,1796,27529,9
12567,0,0,1655,31840,9
12568,0,0,2022,21495,9
12569,0,0,2435,47600,9
12570,0,0,2165,35886,9
12571,1,1,1950,50179,9
12572,0,0,563,36407,9
12573,1,1,2176,39624,9
12574,0,0,977,12309,9
12575,0,0,2087,15172,9
12576,0,0,1872,26702,9
12577,0,0,1994,45570,9
12578,0,0,1547,31112,9
12579,0,0,2424,46925,9
12580,0,0,1554,36058,9
12581,0,0,1222,13824,9
12582,0,0,268,2109,9
12583,0,0,212,56537,9
12584,0,0,2088,29965,9
12585,0,0,795,48704,9
12586,0,0,1588,24312,9
12587,0,0,1090,4560,9
12588,0,0,1974,18851,9
12589,0,0,2087,48064,9
12590,0,0,1933,8259,9
12591,0,0,1396,52001,9
12592,0,0,2513,5684,9
12593,0,0,2203,27420,9
12594,1,1,1016,50089,9
12595,0,0,1582,26670,9
12596,0,0,1539,5863,9
12597,0,0,1547,54315,9
12598,0,0,1264,51474,9
12599,0,0,1962,51206,9
12600,0,0,12,46808,9
12601,1,1,1195,26499,9
12602,1,1,1070,26313,9
12603,0,0,378,23208,9
12604,0,0,1470,22687,9
12605,0,0,754,58094,9
12606,0,0,2435,31979,9
12607,0,0,269,19106,9
12608,0,0,1553,44038,9
12609,0,0,367,59703,9
12610,0,0,2333,24685,9
12611,0,0,2083,4521,9
12612,0,0,1525,48525,9
12613,0,0,1769,34905,9
12614,0,0,1449,24830,9
12615,0,0,500,61282,9
12616,0,0,429,9589,9
12617,0,0,2032,43333,9
12618,0,0,442,38492,9
12619,0,0,1547,14200,9
12620,0,0,859,56404,9
12621,0,0,426,5166,9
12622,0,0,935,9965,9
12623,0,0,1219,41053,9
12624,0,1,2497,12898,9
12625,0,0,2329,46423,9
12626,0,0,1588,40649,9
12627,0,0,2424,45565,9
12628,0,0,729,17676,9
12629,0,0,659,5799,9
12630,0,0,268,6612,9
12631,0,0,1955,36436,9
12632,0,0,282,42247,9
12633,0,0,1792,48293,9
12634,1,1,1236,59793,9
12635,0,0,876,44018,9
12636,0,0,2279,35796,9
12637,0,0,1236,59558,9
12638,0,0,2295,23360,9
12639,0,0,2333,27673,9
12640,0,0,586,28555,9
12641,0,0,1025,48552,9
12642,0,0,1071,49225,9
12643,0,0,935,45575,9
12644,0,0,2068,57561,9
12645,0,0,1589,32681,9
12646,0,0,269,9589,9
12647,0,0,260,52718,9
12648,0,0,2169,9394,9
12649,1,1,349,57540,9
12650,0,0,393,2109,9
12651,1,1,1122,35658,9
12652,0,0,1135,16041,9
12653,0,0,1438,31840,9
12654,0,0,1362,35689,9
12655,0,0,426,14572,9
12656,0,0,974,24856,9
12657,0,0,18,853,9
12658,0,0,1918,23829,9
12659,0,0,1121,45627,9
12660,0,0,306,5005,9
12661,1,1,961,5187,9
12662,1,1,2027,31240,9
12663,0,0,2046,52808,9
12664,0,0,1554,61114,9
12665,0,0,1161,47665,9
12666,0,0,1904,14187,9
12667,0,0,1209,28226,9
12668,0,0,594,48174,9
12669,0,0,93,47778,9
12670,0,0,1792,31529,9
12671,0,0,429,39203,9
12672,0,0,491,28555,9
12673,0,0,207,41497,9
12674,0,0,952,41497,9
12675,0,0,1677,28010,9
12676,0,0,2416,51168,9
12677,0,0,953,29986,9
12678,0,0,200,54594,9
12679,0,0,658,31503,9
12680,0,0,2113,19872,9
12681,0,0,1214,33993,9
12682,0,0,1052,22046,9
12683,1,1,2169,52319,9
12684,0,0,8,3684,9
12685,0,0,1582,2828,9
12686,0,0,1584,2067,9
12687,0,0,2028,17539,9
12688,1,1,1355,17680,9
12689,0,0,823,28084,9
12690,0,0,2134,3379,9
12691,0,0,1994,15254,9
12692,0,0,1896,44038,9
12693,0,0,1090,27364,9
12694,0,0,1582,26481,9
12695,0,0,1832,18491,9
12696,0,0,871,8986,9
12697,0,0,1867,13758,9
12698,0,0,1170,17760,9
12699,0,0,2325,22486,9
12700,0,0,1638,35896,9
12701,1,1,921,30357,9
12702,0,0,1170,16554,9
12703,0,0,946,16431,9
12704,0,0,747,38630,9
12705,1,1,2473,24716,9
12706,0,0,1122,26652,9
12707,0,0,1215,48901,9
12708,0,0,1525,7963,9
12709,1,1,1746,5026,9
12710,0,0,807,36055,9
12711,1,1,1994,1137,9
12712,0,1,1454,40746,9
12713,0,0,230,20841,9
12714,0,0,1813,49437,9
12715,0,0,1893,16127,9
12716,1,1,13,33467,9
12717,0,0,504,60344,9
12718,0,0,2333,33403,9
12719,1,1,1386,6059,9
12720,0,0,1110,40281,9
12721,0,0,933,43773,9
12722,0,0,2087,56160,9
12723,0,0,118,44890,9
12724,0,0,321,46831,9
12725,0,0,1638,55918,9
12726,0,0,1449,38166,9
12727,0,0,118,31964,9
12728,0,0,2100,13541,9
12729,0,0,1872,8807,9
12730,0,0,131,55299,9
12731,0,0,216,25525,9
12732,0,0,1900,58581,9
12733,0,0,782,14829,9
12734,0,0,2026,30059,9
12735,0,0,1488,30759,9
12736,0,0,77,33993,9
12737,1,0,1898,11257,9
12738,0,0,1955,26702,9
12739,1,1,2137,61100,9
12740,0,0,2427,48186,9
12741,0,0,470,43986,9
12742,0,0,83,1389,9
12743,1,1,481,17806,9
12744,0,0,585,16951,9
12745,0,0,268,37209,9
12746,0,0,2227,44555,9
12747,0,0,222,31004,9
12748,0,0,667,35866,9
12749,0,0,34,40317,9
12750,0,0,212,33565,9
12751,0,0,857,42000,9
12752,0,0,1106,20560,9
12753,0,0,1860,52319,9
12754,0,0,2473,55085,9
12755,0,0,1824,14172,9
12756,0,0,1878,27243,9
12757,0,0,1796,18038,9
12758,0,0,694,52543,9
12759,0,0,1071,31284,9
12760,0,0,1454,48300,9
12761,0,0,470,5145,9
12762,0,0,13,16821,9
12763,0,0,200,9589,9
12764,0,0,2076,56238,9
12765,0,0,1949,33216,9
12766,0,0,815,49550,9
12767,0,0,1106,4106,9
12768,0,0,727,40548,9
12769,1,1,1103,49548,9
12770,1,1,1976,16511,9
12771,0,0,219,30898,9
12772,0,0,1438,28618,9
12773,0,0,1174,47936,9
12774,0,0,1222,43568,9
12775,0,0,1898,43279,9
12776,0,0,857,22961,9
12777,0,0,299,57380,9
12778,0,0,477,46831,9
12779,0,0,2325,9765,9
12780,0,0,856,12032,9
12781,0,0,1882,2109,9
12782,0,0,1904,27779,9
12783,0,0,1824,12918,9
12784,1,1,2285,39903,9
12785,0,0,106,49504,9
12786,0,0,1048,10745,9
12787,0,0,289,14672,9
12788,0,0,1879,10402,9
12789,0,1,1883,43145,9
12790,0,0,2326,42918,9
12791,0,0,284,40125,9
12792,0,0,41,3449,9
12793,0,0,593,30087,9
12794,0,0,837,21207,9
12795,0,0,2179,12888,9
12796,0,0,857,10980,9
12797,0,0,146,2634,9
12798,0,0,750,13252,9
12799,0,0,1071,9713,9
12800,1,1,268,9589,9
12801,0,0,1813,21771,9
12802,0,0,2006,42831,9
12803,0,0,1943,16421,9
12804,0,0,1012,16664,9
12805,0,0,1037,13643,9
12806,0,0,1589,31349,9
12807,0,0,2169,1682,9
12808,0,0,614,21698,9
12809,0,0,73,10761,9
12810,0,0,1282,28055,9
12811,1,1,1052,22438,9
12812,0,0,2033,6023,9
12813,0,0,1441,16174,9
12814,0,0,857,38723,9
12815,1,1,83,3256,9
12816,0,0,1064,2987,9
12817,0,0,2497,2929,9
12818,1,0,1121,830,9
12819,0,0,398,44924,9
12820,0,0,1477,27658,9
12821,0,0,927,21267,9
12822,0,0,502,56527,9
12823,0,0,1341,16257,9
12824,1,0,60,23043,9
12825,0,0,1525,53142,9
12826,1,0,1121,39872,9
12827,0,0,694,43656,9
12828,1,1,398,30395,9
12829,0,0,1171,49445,9
12830,0,0,2285,40291,9
12831,0,0,900,6541,9
12832,0,0,266,1957,9
12833,0,0,953,2545,9
12834,0,0,1638,17623,9
12835,0,0,2066,60352,9
12836,0,0,1554,36049,9
12837,0,0,1993,25407,9
12838,0,0,667,55419,9
12839,0,0,1110,54794,9
12840,0,0,1499,4431,9
12841,0,0,2448,18627,9
12842,1,1,813,28430,9
12843,0,0,99,11168,9
12844,0,0,1282,50084,9
12845,0,0,1073,21415,9
12846,0,0,344,49807,9
12847,0,0,284,1894,9
12848,0,0,1860,22855,9
12849,0,0,1786,23754,9
12850,0,0,211,52001,9
12851,1,0,1544,13429,9
12852,1,0,1918,29433,9
12853,0,0,563,55905,9
12854,1,0,2416,40120,9
12855,0,0,815,36334,9
12856,1,1,1943,25019,9
12857,0,0,1547,14563,9
12858,0,0,37,7399,9
12859,0,0,1193,36053,9
12860,1,1,190,3521,9
12861,0,0,1003,40196,9
12862,0,0,266,32916,9
12863,0,0,1073,37380,9
12864,0,0,974,43225,9
12865,0,0,1994,9823,9
12866,0,0,1568,32512,9
12867,0,0,1375,46586,9
12868,0,0,1321,9549,9
12869,0,0,83,60532,9
12870,1,1,502,39121,9
12871,0,0,953,51743,9
12872,0,0,1064,34971,9
12873,0,0,754,23893,9
12874,0,0,2182,22162,9
12875,0,0,1900,34909,9
12876,0,0,1110,16201,9
12877,1,1,1796,30854,9
12878,0,0,1750,11983,9
12879,0,0,754,43116,9
12880,0,0,2326,37816,9
12881,0,0,1170,38343,9
12882,0,0,244,11884,9
12883,0,0,426,44680,9
12884,1,1,1621,39614,9
12885,0,0,1994,10541,9
12886,0,0,1950,14235,9
12887,0,0,823,56390,9
12888,1,0,1701,12173,9
12889,0,0,1976,35838,9
12890,0,0,70,17753,9
12891,0,0,268,60986,9
12892,0,0,922,43773,9
12893,0,0,1099,60344,9
12894,0,0,593,41496,9
12895,0,0,1976,57662,9
12896,0,0,466,40986,9
12897,0,0,73,24882,9
12898,0,0,393,37209,9
12899,0,0,594,15649,9
12900,0,0,2279,19047,9
12901,0,0,184,41449,9
12902,0,0,1396,25144,9
12903,0,0,1539,50838,9
12904,0,0,233,20298,9
12905,0,0,1807,58791,9
12906,0,0,1003,42088,9
12907,1,0,2279,9143,9
12908,0,1,1868,5473,9
12909,0,0,585,55299,9
12910,0,0,2176,40699,9
12911,0,0,2367,51224,9
12912,0,0,1219,51526,9
12913,0,0,2329,3700,9
12914,0,0,363,60337,9
12915,0,0,2295,44056,9
12916,0,1,1438,26617,9
12917,0,0,1973,7164,9
12918,1,1,459,28183,9
12919,1,1,132,6678,9
12920,1,1,762,8859,9
12921,0,0,1898,13414,9
12922,0,1,1477,7231,9
12923,1,1,782,10632,9
12924,0,0,266,19900,9
12925,0,0,627,28913,9
12926,0,0,1824,16747,9
12927,0,0,2416,29563,9
12928,0,0,259,3004,9
12929,0,0,321,12096,9
12930,0,0,778,14187,9
12931,1,1,1194,2307,9
12932,0,0,1795,2902,9
12933,0,0,1993,37721,9
12934,0,0,260,13259,9
12935,0,0,920,56755,9
12936,0,0,1693,41678,9
12937,0,0,491,2931,9
12938,0,0,1564,1733,9
12939,0,0,2066,32928,9
12940,0,0,459,57893,9
12941,0,0,1355,16444,9
12942,0,0,1195,45172,9
12943,0,0,1589,21848,9
12944,0,0,1449,359,9
12945,1,1,1267,16456,9
12946,0,1,574,36420,9
12947,0,0,1813,18546,9
12948,0,0,2021,55905,9
12949,0,0,1861,51474,9
12950,0,0,1103,4099,9
12951,0,0,1962,23989,9
12952,0,0,1559,5472,9
12953,1,1,593,11199,9
12954,0,0,2342,34233,9
12955,0,0,2032,20298,9
12956,0,0,13,13211,9
12957,1,1,581,15074,9
12958,1,0,778,19523,9
12959,0,1,2412,3093,9
12960,0,0,1121,1682,9
12961,0,0,190,620,9
12962,0,0,597,20410,9
12963,0,0,1003,23086,9
12964,1,1,211,54669,9
12965,0,0,2329,33799,9
12966,0,0,795,17680,9
12967,0,0,2182,44922,9
12968,0,0,432,13539,9
12969,0,0,1481,30215,9
12970,0,1,1544,34681,9
12971,0,0,2342,16332,9
12972,0,0,1993,1910,9
12973,0,0,1868,16672,9
12974,0,1,378,42373,9
12975,0,0,2169,7815,9
12976,0,0,1589,37279,9
12977,1,0,410,3313,9
12978,0,0,1135,14948,9
12979,0,0,2342,53472,9
12980,0,1,548,56665,9
12981,0,0,437,43896,9
12982,0,0,1398,51279,9
12983,0,0,1094,11702,9
12984,0,0,856,14302,9
12985,0,0,152,19947,9
12986,0,0,1449,6175,9
12987,0,0,1961,42068,9
12988,0,0,87,46831,9
12989,0,1,2066,37662,9
12990,0,0,1813,11104,9
12991,0,0,284,38543,9
12992,0,0,219,56241,9
12993,0,0,349,14119,9
12994,0,0,667,50684,9
12995,0,0,2513,4504,9
12996,0,0,2435,1825,9
12997,0,0,1481,1559,9
12998,0,0,2076,2845,9
12999,0,1,87,6541,9
13000,1,1,1867,52960,9
13001,0,0,750,6503,9
13002,0,0,477,43452,9
13003,0,0,1696,17135,9
13004,0,0,18,26868,9
13005,0,0,1477,8157,9
13006,0,0,1645,12128,9
13007,0,0,207,34905,9
13008,1,1,1962,6146,9
13009,0,0,2032,32674,9
13010,0,0,300,45332,9
13011,0,0,1665,41468,9
13012,0,0,628,56769,9
13013,0,0,37,13160,9
13014,0,0,1588,30538,9
13015,1,1,1611,9963,9
13016,0,0,2068,43939,9
13017,0,0,581,2274,9
13018,0,0,1161,4631,9
13019,0,1,546,2297,9
13020,1,1,418,25525,9
13021,0,0,1109,25799,9
13022,0,0,935,11819,9
13023,1,0,419,17249,9
13024,0,0,266,53782,9
13025,0,0,1523,33398,9
13026,0,0,2100,41111,9
13027,0,0,935,852,9
13028,0,0,721,1990,9
13029,0,0,379,793,9
13030,0,0,131,58952,9
13031,0,0,721,6722,9
13032,0,0,1052,43488,9
13033,0,0,782,30319,9
13034,1,1,367,37068,9
13035,0,0,1219,5746,9
13036,0,0,1161,54463,9
13037,0,0,27,22217,9
13038,0,0,946,21628,9
13039,1,1,1135,41167,9
13040,1,1,2046,31465,9
13041,0,0,2022,19321,9
13042,0,0,156,59072,9
13043,0,0,597,55492,9
13044,0,0,211,19663,9
13045,0,0,1943,26589,9
13046,0,0,2497,19874,9
13047,0,0,442,30087,9
13048,0,0,424,23587,9
13049,0,1,1469,2043,9
13050,0,0,547,58562,9
13051,0,0,1094,35689,9
13052,0,0,922,17849,9
13053,1,1,1749,23234,9
13054,0,0,2307,9501,9
13055,0,0,23,53633,9
13056,0,0,2087,45308,9
13057,1,1,1094,13515,9
13058,0,1,754,45891,9
13059,0,0,2083,38214,9
13060,0,0,1283,34225,9
13061,0,0,2448,25642,9
13062,0,0,300,36906,9
13063,0,0,587,16127,9
13064,1,1,1701,38646,9
13065,0,0,430,38662,9
13066,0,0,398,2244,9
13067,0,0,1650,46065,9
13068,0,0,200,2109,9
13069,0,0,2493,13874,9
13070,0,0,1832,46268,9
13071,0,0,282,5110,9
13072,0,0,2046,20314,9
13073,0,0,729,20679,9
13074,0,0,2076,33132,9
13075,0,0,432,57237,9
13076,0,0,83,27416,9
13077,0,0,871,18851,9
13078,0,1,2307,30918,9
13079,1,0,1544,7121,9
13080,0,0,2176,17680,9
13081,0,0,284,580,9
13082,0,0,450,56014,9
13083,0,0,93,9923,9
13084,0,0,1048,53631,9
13085,0,0,1048,34424,9
13086,0,0,727,29025,9
13087,0,1,563,9626,9
13088,0,0,277,23129,9
13089,0,0,2002,48719,9
13090,0,0,1488,36058,9
13091,0,0,1392,54763,9
13092,0,0,857,48683,9
13093,1,1,2033,13145,9
13094,0,0,1872,44206,9
13095,0,0,750,42374,9
13096,0,0,1589,22471,9
13097,0,0,1398,10822,9
13098,0,0,1796,33516,9
13099,0,0,1122,20557,9
13100,0,0,442,51460,9
13101,1,1,2100,475,9
13102,0,0,216,9072,9
13103,0,0,1110,58330,9
13104,0,0,1064,16829,9
13105,0,0,2341,46602,9
13106,0,0,1553,39293,9
13107,0,0,1878,29050,9
13108,0,0,1525,29801,9
13109,0,0,1523,48484,9
13110,1,1,2068,5041,9
13111,0,0,12,14841,9
13112,0,0,1554,4158,9
13113,0,0,1896,34276,9
13114,0,0,754,3526,9
13115,0,0,1338,10781,9
13116,0,0,2046,43164,9
13117,0,0,1477,54432,9
13118,0,0,1588,35488,9
13119,0,0,1264,57158,9
13120,1,1,60,26792,9
13121,0,0,2118,37380,9
13122,0,0,1896,26496,9
13123,0,0,23,9626,9
13124,0,0,1883,36407,9
13125,0,0,216,40986,9
13126,0,0,1236,32521,9
13127,0,0,563,44890,9
13128,1,1,727,43425,9
13129,0,0,1865,6763,9
13130,1,1,2424,34259,9
13131,0,0,815,44537,9
13132,0,0,2041,1787,9
13133,0,0,1469,44411,9
13134,0,0,424,30456,9
13135,0,0,2165,1910,9
13136,0,0,2367,31360,9
13137,1,1,233,2530,9
13138,0,0,2293,48089,9
13139,0,0,2435,9754,9
13140,0,0,465,27069,9
13141,0,0,1650,8235,9
13142,0,0,1222,18744,9
13143,0,0,152,3004,9
13144,0,0,500,10060,9
13145,1,1,266,33057,9
13146,1,1,628,52006,9
13147,0,0,594,14362,9
13148,1,1,959,2052,9
13149,0,0,2441,33303,9
13150,0,0,2076,15614,9
13151,0,0,244,37616,9
13152,1,1,856,33615,9
13153,0,0,1488,51279,9
13154,0,0,211,50978,9
13155,0,0,727,22983,9
13156,0,0,747,36338,9
13157,0,0,1103,12125,9
13158,0,0,2325,6640,9
13159,0,0,1832,24238,9
13160,1,1,1539,53159,9
13161,0,0,1539,50656,9
13162,0,0,2179,47289,9
13163,0,0,73,46266,9
13164,0,0,1878,45575,9
13165,0,0,920,21979,9
13166,0,1,1568,10548,9
13167,0,0,453,47858,9
13168,0,0,123,14257,9
13169,0,0,754,11031,9
13170,1,1,1375,20476,9
13171,1,1,2032,42885,9
13172,0,0,1865,27088,9
13173,0,0,2503,3484,9
13174,0,0,27,50021,9
13175,0,0,1516,52227,9
13176,0,0,1194,32789,9
13177,1,1,282,1605,9
13178,1,1,1321,10270,9
13179,0,0,1396,26134,9
13180,0,0,546,43398,9
13181,0,0,548,37814,9
13182,0,0,1993,55689,9
13183,0,0,1107,30586,9
13184,0,0,1355,50750,9
13185,0,0,2113,42121,9
13186,0,0,12,33208,9
13187,1,0,2473,9456,9
13188,1,0,2412,48167,9
13189,1,1,2448,18603,9
13190,0,0,2113,43198,9
13191,0,0,2032,46418,9
13192,0,0,1612,12767,9
13193,1,1,1334,34041,9
13194,0,0,1496,16,9
13195,0,0,2182,39482,9
13196,0,0,1099,55163,9
13197,0,0,504,26681,9
13198,0,0,1064,18320,9
13199,0,0,450,11560,9
13200,0,0,2285,53147,9
13201,0,0,1796,16705,9
13202,0,0,2100,50367,9
13203,1,1,750,49550,9
13204,0,0,70,17754,9
13205,0,0,953,23718,9
13206,0,0,1109,22438,9
13207,0,0,1879,2244,9
13208,1,1,587,17835,9
13209,0,0,12,32404,9
13210,0,0,2441,1269,9
13211,0,0,1396,32041,9
13212,0,0,2026,43498,9
13213,0,0,2227,21575,9
13214,0,0,933,60643,9
13215,0,0,466,6654,9
13216,0,0,922,49581,9
13217,0,0,920,20963,9
13218,0,0,73,2181,9
13219,0,0,546,26433,9
13220,0,0,2026,31785,9
13221,1,1,142,57297,9
13222,1,1,859,44056,9
13223,0,0,2087,41726,9
13224,0,0,1194,36763,9
13225,0,0,1943,20506,9
13226,0,0,1485,58023,9
13227,0,0,1073,9589,9
13228,0,0,2295,23751,9
13229,0,0,1638,17938,9
13230,0,0,1828,3505,9
13231,0,0,876,4552,9
13232,1,1,1436,6172,9
13233,0,0,1675,30568,9
13234,0,0,1025,28256,9
13235,0,0,807,38662,9
13236,0,0,1121,49063,9
13237,0,0,393,6612,9
13238,1,1,900,59703,9
13239,0,0,1336,1531,9
13240,0,0,2386,21495,9
13241,0,0,2325,10825,9
13242,1,0,1003,11463,9
13243,0,0,659,15332,9
13244,0,0,1974,1098,9
13245,0,0,1214,6209,9
13246,0,0,1477,8852,9
13247,0,0,1793,9703,9
13248,0,0,1398,38662,9
13249,0,0,1568,37318,9
13250,0,0,1950,43556,9
13251,1,1,2461,29790,9
13252,0,0,1012,5740,9
13253,0,0,1813,50460,9
13254,0,0,190,29132,9
13255,0,0,1075,2490,9
13256,0,0,2230,13427,9
13257,1,1,1896,49528,9
13258,0,0,1441,12620,9
13259,0,0,1438,28272,9
13260,0,0,2076,60352,9
13261,0,0,1398,3122,9
13262,1,1,466,14370,9
13263,0,0,1943,10425,9
13264,0,0,1488,38662,9
13265,0,0,585,24034,9
13266,0,0,481,13515,9
13267,0,0,995,2391,9
13268,1,1,1832,57928,9
13269,0,0,587,13302,9
13270,0,0,614,48230,9
13271,1,1,667,3100,9
13272,1,1,426,36981,9
13273,0,0,1860,2164,9
13274,1,1,2351,51080,9
13275,0,0,1170,54906,9
13276,0,0,1867,34651,9
13277,0,1,1214,55073,9
13278,0,0,118,61114,9
13279,0,0,430,51279,9
13280,1,1,2279,33077,9
13281,0,0,1072,50583,9
13282,0,0,727,45374,9
13283,0,0,2134,44883,9
13284,1,1,1209,23594,9
13285,0,0,1525,18487,9
13286,0,0,1832,36626,9
13287,0,0,450,33618,9
13288,0,0,1477,46329,9
13289,0,0,1584,13160,9
13290,0,1,465,37068,9
13291,0,0,861,31120,9
13292,0,0,152,25642,9
13293,0,0,581,18570,9
13294,1,1,2199,10145,9
13295,0,0,318,42742,9
13296,0,0,1589,34370,9
13297,0,0,815,16660,9
13298,0,0,363,13365,9
13299,0,0,1334,37357,9
13300,1,1,922,50205,9
13301,0,0,1976,58414,9
13302,0,0,1544,56803,9
13303,0,0,13,42468,9
13304,0,0,1867,57829,9
13305,0,0,1582,32754,9
13306,0,0,614,20348,9
13307,0,0,233,8045,9
13308,0,0,450,46943,9
13309,0,0,1813,8377,9
13310,1,0,2007,44273,9
13311,0,0,1893,44206,9
13312,0,0,1693,41483,9
13313,0,0,995,58946,9
13314,0,0,1099,15736,9
13315,1,1,1171,2165,9
13316,0,0,1914,34255,9
13317,0,0,211,48576,9
13318,0,0,2182,15376,9
13319,0,0,18,4254,9
13320,0,0,2068,7789,9
13321,0,0,952,22129,9
13322,1,1,277,36161,9
13323,0,0,2028,39033,9
13324,0,0,2046,6529,9
13325,0,0,131,18053,9
13326,1,0,2481,38529,9
13327,0,0,1943,27427,9
13328,1,1,1323,14309,9
13329,0,0,1784,37355,9
13330,0,0,93,23882,9
13331,0,0,1584,58540,9
13332,0,0,959,15376,9
13333,0,0,762,47253,9
13334,0,0,935,6179,9
13335,0,0,1813,61052,9
13336,0,0,1568,30215,9
13337,1,1,1961,22486,9
13338,0,0,1454,57843,9
13339,0,0,1746,53151,9
13340,0,0,1693,18417,9
13341,0,0,1592,51907,9
13342,0,0,1638,27500,9
13343,0,0,1589,17136,9
13344,0,0,289,48612,9
13345,1,1,207,17390,9
13346,0,0,289,1935,9
13347,0,0,1559,6839,9
13348,1,1,491,22857,9
13349,0,0,1792,45423,9
13350,0,0,2449,41291,9
13351,0,0,1539,4447,9
13352,0,0,2100,49328,9
13353,0,0,861,41133,9
13354,0,0,230,23751,9
13355,0,0,614,36717,9
13356,0,0,1209,17254,9
13357,0,0,1321,35096,9
13358,0,0,1879,27285,9
13359,0,0,2341,48471,9
13360,0,0,1780,15367,9
13361,0,0,856,29983,9
13362,0,0,2006,51260,9
13363,0,0,1408,33404,9
13364,0,0,1485,36407,9
13365,0,0,106,11463,9
13366,0,0,2033,36108,9
13367,0,0,750,36183,9
13368,0,0,1334,22412,9
13369,0,0,177,31257,9
13370,0,0,429,54851,9
13371,0,0,1868,27120,9
13372,0,0,922,50953,9
13373,1,1,1582,44930,9
13374,0,0,393,54594,9
13375,0,0,1375,42631,9
13376,0,0,2441,7623,9
13377,1,1,1110,13956,9
13378,0,0,99,32569,9
13379,0,0,581,32232,9
13380,0,0,269,20186,9
13381,0,0,1214,53038,9
13382,1,1,2416,46831,9
13383,0,0,807,22129,9
13384,0,0,41,58791,9
13385,0,0,284,2370,9
13386,0,0,2279,30593,9
13387,0,0,500,32457,9
13388,0,0,18,25484,9
13389,0,0,2026,30179,9
13390,0,0,1516,5394,9
13391,0,0,1633,43359,9
13392,0,0,2065,36896,9
13393,0,0,1554,37112,9
13394,0,0,1650,38335,9
13395,0,0,2214,44415,9
13396,0,0,2503,34580,9
13397,0,0,289,31322,9
13398,0,0,212,58520,9
13399,0,0,1048,42157,9
13400,0,0,626,59703,9
13401,0,0,581,30747,9
13402,0,0,659,53931,9
13403,0,1,429,27986,9
13404,0,0,1375,17281,9
13405,0,0,1012,15524,9
13406,0,0,27,39820,9
13407,0,0,1375,24938,9
13408,0,0,491,42157,9
13409,0,0,1865,43706,9
13410,0,0,823,15162,9
13411,0,0,977,45640,9
13412,0,0,215,44809,9
13413,1,0,1898,40140,9
13414,0,0,1355,41067,9
13415,0,0,658,57969,9
13416,0,0,636,59703,9
13417,0,0,974,9611,9
13418,0,0,2493,33585,9
13419,0,0,1566,54882,9
13420,0,0,2473,27582,9
13421,0,0,1075,42241,9
13422,1,1,2165,10846,9
13423,0,0,1650,35800,9
13424,0,0,1539,37410,9
13425,0,0,260,42396,9
13426,0,0,1071,4742,9
13427,0,0,1994,2222,9
13428,0,0,318,2391,9
13429,0,0,1267,19967,9
13430,0,0,2497,3910,9
13431,0,0,299,25799,9
13432,0,0,927,47778,9
13433,0,0,2333,2866,9
13434,0,1,1645,52190,9
13435,0,0,281,7370,9
13436,1,1,1612,3510,9
13437,0,0,2088,26607,9
13438,1,1,1408,58368,9
13439,0,0,1861,744,9
13440,0,0,502,3240,9
13441,0,0,1629,27326,9
13442,0,0,2068,11702,9
13443,1,1,659,42157,9
13444,0,0,2026,37429,9
13445,1,1,1559,44575,9
13446,1,1,363,50773,9
13447,0,0,2503,37265,9
13448,1,1,2493,10521,9
13449,1,0,2022,19523,9
13450,1,1,696,46145,9
13451,0,0,2449,45249,9
13452,0,0,282,35529,9
13453,0,0,1878,4815,9
13454,0,0,2230,11802,9
13455,0,0,953,2042,9
13456,0,0,1896,30814,9
13457,0,0,219,46571,9
13458,0,0,1786,43454,9
13459,0,0,1194,58359,9
13460,0,0,920,17424,9
13461,0,0,244,565,9
13462,0,0,1795,22357,9
13463,0,0,694,8588,9
13464,1,1,1584,2889,9
13465,0,0,93,8937,9
13466,0,0,410,41527,9
13467,0,0,432,55919,9
13468,0,0,87,29563,9
13469,0,0,215,47368,9
13470,0,0,1750,59526,9
13471,0,0,1236,51206,9
13472,0,0,1525,36906,9
13473,0,0,2367,1304,9
13474,0,0,1454,5053,9
13475,0,0,83,29400,9
13476,0,0,41,56652,9
13477,0,0,1807,49421,9
13478,0,0,18,52535,9
13479,0,0,1868,13587,9
13480,0,0,1109,11316,9
13481,1,0,334,44273,9
13482,0,0,1621,14582,9
13483,0,0,2329,55950,9
13484,0,1,1460,37376,9
13485,0,0,2333,36718,9
13486,0,0,1071,45965,9
13487,1,1,1449,6893,9
13488,0,0,1194,60028,9
13489,0,0,1485,6932,9
13490,0,0,2066,6031,9
13491,0,0,953,37799,9
13492,0,0,1323,43454,9
13493,0,0,2346,25580,9
13494,0,0,2100,11714,9
13495,0,0,547,57258,9
13496,1,1,2325,57067,9
13497,0,0,762,20963,9
13498,0,0,83,43518,9
13499,0,0,363,16412,9
13500,0,0,306,13962,9
13501,1,1,442,13543,9
13502,0,0,1122,3213,9
13503,0,0,1883,43279,9
13504,0,0,2424,3976,9
13505,0,0,1564,58854,9
13506,0,0,747,36906,9
13507,0,0,1629,45374,9
13508,0,0,238,28011,9
13509,0,0,1525,20935,9
13510,0,0,1693,52598,9
13511,0,0,1037,5689,9
13512,0,0,636,28108,9
13513,1,1,1336,58227,9
13514,0,0,2041,44727,9
13515,0,0,2182,3442,9
13516,1,1,1819,14085,9
13517,0,0,694,33067,9
13518,0,0,927,56896,9
13519,0,0,1523,9118,9
13520,1,1,1073,54851,9
13521,0,0,1408,15288,9
13522,0,0,432,59373,9
13523,0,0,1485,9453,9
13524,0,0,1222,49671,9
13525,0,0,2113,17745,9
13526,1,1,1780,20410,9
13527,0,0,627,53873,9
13528,0,0,1872,9923,9
13529,0,0,363,46586,9
13530,1,1,876,37574,9
13531,0,0,1638,523,9
13532,0,0,1209,47392,9
13533,0,0,1441,24732,9
13534,0,0,83,3538,9
13535,0,0,87,43452,9
13536,0,0,563,25202,9
13537,0,0,959,55995,9
13538,0,0,2066,52655,9
13539,1,1,1553,32752,9
13540,0,0,2424,47442,9
13541,0,0,1298,36797,9
13542,1,1,2513,34610,9
13543,0,0,1012,27616,9
13544,1,1,284,32044,9
13545,0,0,2182,54683,9
13546,0,0,1792,3951,9
13547,0,0,1470,33113,9
13548,0,0,782,52538,9
13549,0,1,2006,23686,9
13550,0,0,807,15845,9
13551,0,0,782,6825,9
13552,0,0,2179,1977,9
13553,0,0,1796,19770,9
13554,0,0,2006,42668,9
13555,0,0,1553,57599,9
13556,1,1,2341,8917,9
13557,0,0,152,3684,9
13558,0,0,1408,41212,9
13559,0,0,2165,48967,9
13560,1,1,1638,3525,9
13561,0,0,430,37112,9
13562,0,0,2346,44170,9
13563,0,0,1488,61114,9
13564,0,0,1568,31612,9
13565,0,0,1193,30759,9
13566,1,1,1523,46724,9
13567,0,0,156,40313,9
13568,0,0,1048,53746,9
13569,0,0,367,56665,9
13570,1,0,1949,40500,9
13571,0,0,1171,16164,9
13572,1,1,933,13362,9
13573,0,0,1916,1268,9
13574,0,0,727,51471,9
13575,1,1,627,37142,9
13576,0,0,1974,57843,9
13577,0,0,1106,58906,9
13578,0,0,2327,53297,9
13579,1,0,268,39203,9
13580,0,0,1488,4158,9
13581,0,0,1375,20420,9
13582,0,0,1547,29694,9
13583,1,1,244,23882,9
13584,0,0,1860,11605,9
13585,0,0,106,59939,9
13586,0,0,118,13694,9
13587,0,0,142,30726,9
13588,1,1,300,29801,9
13589,0,0,259,3113,9
13590,1,0,2473,48967,9
13591,1,1,2028,28623,9
13592,0,0,281,2363,9
13593,0,0,1749,25365,9
13594,0,0,2367,44692,9
13595,1,1,1592,40550,9
13596,1,1,1898,32748,9
13597,0,0,1654,39433,9
13598,0,0,1539,54362,9
13599,1,1,1993,36745,9
13600,0,0,1660,5256,9
13601,0,0,856,22002,9
13602,1,1,318,10539,9
13603,1,1,2327,29070,9
13604,0,0,233,23431,9
13605,0,0,1793,13586,9
13606,0,0,1553,40036,9
13607,0,0,1746,32310,9
13608,1,1,594,28581,9
13609,0,0,77,38662,9
13610,0,0,2214,31286,9
13611,0,0,2034,37209,9
13612,0,0,1068,46570,9
13613,0,0,857,48380,9
13614,0,0,2434,25896,9
13615,0,0,269,60986,9
13616,0,0,1582,19262,9
13617,0,0,1933,40600,9
13618,0,0,1488,36053,9
13619,0,0,995,51033,9
13620,1,1,946,10154,9
13621,0,0,190,17922,9
13622,0,0,1974,42725,9
13623,0,0,1090,41402,9
13624,0,0,1977,34849,9
13625,0,0,2427,31701,9
13626,0,0,876,29937,9
13627,0,0,1336,23208,9
13628,0,0,432,2765,9
13629,0,0,2493,23475,9
13630,0,0,424,11802,9
13631,0,0,34,20252,9
13632,0,0,2386,44512,9
13633,0,0,696,37280,9
13634,1,1,1099,20372,9
13635,1,1,1813,20622,9
13636,0,0,1813,41944,9
13637,0,0,727,16013,9
13638,0,0,1655,29913,9
13639,0,1,2000,59158,9
13640,0,0,1073,20186,9
13641,0,0,1950,2178,9
13642,0,0,2351,55950,9
13643,0,0,585,26415,9
13644,0,0,1879,36338,9
13645,0,0,1554,56942,9
13646,0,0,2087,50658,9
13647,0,0,1974,61261,9
13648,0,0,1174,41680,9
13649,0,0,2434,36783,9
13650,0,0,1214,44890,9
13651,0,0,1481,38566,9
13652,0,0,37,56228,9
13653,0,0,180,19147,9
13654,0,1,1807,6753,9
13655,0,0,1525,54811,9
13656,0,0,1103,3929,9
13657,0,0,238,52129,9
13658,0,0,2182,49977,9
13659,0,1,1879,23385,9
13660,0,0,6,36407,9
13661,0,0,857,37757,9
13662,1,1,1650,18459,9
13663,0,0,876,20792,9
13664,1,1,486,11029,9
13665,0,0,2100,8058,9
13666,0,0,1784,41815,9
13667,0,0,2087,8618,9
13668,1,1,778,56169,9
13669,0,0,419,34423,9
13670,0,0,459,41239,9
13671,0,0,2165,9549,9
13672,0,0,466,6670,9
13673,0,0,953,4980,9
13674,1,1,848,54533,9
13675,1,1,156,8167,9
13676,1,1,2441,60958,9
13677,0,0,536,1392,9
13678,0,0,1110,27336,9
13679,0,0,1900,47405,9
13680,0,0,1832,33233,9
13681,0,0,1813,10610,9
13682,0,0,2002,9981,9
13683,1,1,1900,24611,9
13684,1,1,152,18743,9
13685,1,1,969,54851,9
13686,0,0,1539,379,9
13687,0,0,2076,60067,9
13688,0,0,1784,48652,9
13689,0,0,244,33036,9
13690,0,0,12,17235,9
13691,0,0,123,9590,9
13692,0,0,1860,51616,9
13693,0,0,2497,39480,9
13694,0,0,180,49993,9
13695,0,0,1436,34503,9
13696,0,0,935,50363,9
13697,0,0,1650,54473,9
13698,0,0,118,56942,9
13699,1,1,212,31905,9
13700,0,0,363,44747,9
13701,1,1,1109,10745,9
13702,0,0,398,35639,9
13703,0,0,581,4773,9
13704,0,0,179,50363,9
13705,0,0,1103,49528,9
13706,0,0,727,37904,9
13707,0,0,1334,58628,9
13708,0,0,2416,6541,9
13709,0,1,1535,733,9
13710,0,0,1994,40987,9
13711,0,0,815,8348,9
13712,0,0,1094,25799,9
13713,1,1,1064,10599,9
13714,0,0,952,40257,9
13715,0,0,219,49719,9
13716,0,0,1106,38233,9
13717,1,1,2007,34221,9
13718,0,0,200,6612,9
13719,0,0,1219,27487,9
13720,1,1,2333,19048,9
13721,0,0,1645,44692,9
13722,0,0,1535,44702,9
13723,0,0,1298,49504,9
13724,0,0,546,17259,9
13725,0,1,2326,50542,9
13726,1,1,2087,49384,9
13727,0,0,383,32784,9
13728,0,0,2497,41291,9
13729,0,0,1396,35263,9
13730,0,0,2427,53395,9
13731,0,0,1993,8206,9
13732,0,0,215,8647,9
13733,0,1,393,9589,9
13734,0,0,2427,53886,9
13735,0,0,1103,11952,9
13736,0,0,782,45794,9
13737,0,0,1180,6542,9
13738,0,0,152,26769,9
13739,1,1,1121,34721,9
13740,0,0,2449,25195,9
13741,0,0,93,51918,9
13742,0,1,2342,18861,9
13743,0,0,450,6051,9
13744,0,0,581,18909,9
13745,1,1,995,56712,9
13746,0,0,986,32015,9
13747,0,0,432,5869,9
13748,0,0,106,9288,9
13749,0,0,491,35689,9
13750,0,0,410,46789,9
13751,0,0,2434,18004,9
13752,1,1,795,39433,9
13753,0,0,268,54594,9
13754,0,0,1665,33253,9
13755,0,0,2076,57686,9
13756,0,0,1621,42211,9
13757,0,0,1396,30395,9
13758,0,0,219,54889,9
13759,1,1,432,3634,9
13760,0,0,2326,20800,9
13761,0,0,1539,3168,9
13762,0,0,2435,2110,9
13763,0,0,935,41186,9
13764,0,0,1559,44273,9
13765,1,1,1872,6319,9
13766,0,0,190,16126,9
13767,0,0,1898,54042,9
13768,1,0,1994,33130,9
13769,0,0,453,10480,9
13770,0,0,1282,48668,9
13771,0,1,419,32041,9
13772,0,0,933,50354,9
13773,0,0,1282,26652,9
13774,0,0,1215,17619,9
13775,0,0,574,10531,9
13776,0,0,344,20472,9
13777,0,0,2307,5691,9
13778,0,0,233,8239,9
13779,0,0,2434,23431,9
13780,1,1,2227,40308,9
13781,0,0,1554,30759,9
13782,0,0,1621,60961,9
13783,0,0,1090,35417,9
13784,0,0,238,53151,9
13785,1,0,331,7607,9
13786,1,1,1933,28931,9
13787,0,0,1438,24631,9
13788,0,0,244,21441,9
13789,0,0,1553,9948,9
13790,0,0,281,38214,9
13791,0,0,2434,45392,9
13792,0,0,1121,46362,9
13793,0,0,238,39593,9
13794,0,0,2041,54546,9
13795,0,0,2066,45871,9
13796,0,0,694,53931,9
13797,0,0,426,15883,9
13798,0,0,1441,59962,9
13799,0,0,547,56846,9
13800,0,0,974,53065,9
13801,0,0,1122,8007,9
13802,0,0,667,44585,9
13803,1,0,975,27779,9
13804,0,0,215,12032,9
13805,0,0,1900,23738,9
13806,0,0,1796,17770,9
13807,0,0,837,43454,9
13808,0,0,2046,39747,9
13809,1,1,2435,18150,9
13810,0,0,1865,41642,9
13811,0,0,2026,28737,9
13812,0,0,2026,33549,9
13813,0,0,2041,48663,9
13814,0,0,2346,27486,9
13815,0,0,1900,56271,9
13816,1,1,2346,21555,9
13817,0,0,2230,43796,9
13818,0,0,93,48689,9
13819,0,0,523,39102,9
13820,0,0,1222,15899,9
13821,0,0,876,11725,9
13822,0,0,747,17778,9
13823,0,0,2461,52953,9
13824,0,0,922,58581,9
13825,0,0,977,34824,9
13826,0,0,1896,12438,9
13827,0,0,37,5691,9
13828,0,0,2386,13643,9
13829,1,1,1362,24454,9
13830,0,0,1660,13621,9
13831,0,0,2386,41904,9
13832,0,0,2134,43250,9
13833,0,0,1072,7502,9
13834,0,0,986,10110,9
13835,0,0,344,34167,9
13836,0,0,481,35261,9
13837,0,0,2449,46669,9
13838,0,0,1037,16164,9
13839,0,0,2034,19106,9
13840,0,0,1392,21327,9
13841,0,0,299,13515,9
13842,0,0,1106,32222,9
13843,0,0,1701,59939,9
13844,0,0,1554,51279,9
13845,0,0,1408,44162,9
13846,0,0,1485,54042,9
13847,1,0,2134,9157,9
13848,0,0,1109,11190,9
13849,0,0,146,57045,9
13850,0,0,1180,8336,9
13851,0,0,244,32439,9
13852,1,1,1398,15775,9
13853,1,1,1282,16858,9
13854,0,0,1867,20963,9
13855,0,0,1611,58389,9
13856,1,1,2427,10015,9
13857,0,0,1819,25860,9
13858,0,0,1162,9514,9
13859,0,0,1209,27180,9
13860,0,0,1180,59629,9
13861,0,0,1436,40905,9
13862,0,0,269,37209,9
13863,0,0,546,57,9
13864,0,0,1977,48576,9
13865,0,0,857,41894,9
13866,0,0,2424,50615,9
13867,0,0,212,7757,9
13868,0,0,1170,58592,9
13869,0,0,2427,2093,9
13870,0,0,2351,20303,9
13871,0,0,284,5936,9
13872,0,0,959,39822,9
13873,1,1,179,38481,9
13874,0,0,1321,17573,9
13875,1,1,37,24704,9
13876,1,0,2416,43546,9
13877,0,0,1665,6154,9
13878,0,0,233,57672,9
13879,0,0,1544,45363,9
13880,0,0,410,7757,9
13881,1,1,1037,48576,9
13882,0,0,470,32642,9
13883,0,0,410,8675,9
13884,0,0,379,35052,9
13885,0,0,1099,13160,9
13886,0,0,1611,34412,9
13887,0,0,2076,7623,9
13888,0,0,282,26748,9
13889,1,1,1914,29912,9
13890,0,0,1477,41756,9
13891,0,0,1449,14987,9
13892,0,0,419,8132,9
13893,0,0,1016,50145,9
13894,1,1,658,12042,9
13895,0,0,1621,25161,9
13896,0,0,18,31137,9
13897,0,1,2367,1099,9
13898,0,0,627,43457,9
13899,0,0,1064,14169,9
13900,0,0,2279,54124,9
13901,0,0,132,53004,9
13902,0,0,2176,50750,9
13903,0,0,614,1601,9
13904,0,0,1215,7443,9
13905,0,0,23,36407,9
13906,0,0,1094,9453,9
13907,0,0,1477,36766,9
13908,0,0,432,54429,9
13909,0,1,2065,58442,9
13910,0,0,481,2372,9
13911,0,0,430,36058,9
13912,0,0,694,44035,9
13913,0,0,1893,14824,9
13914,0,0,244,29755,9
13915,1,1,185,44720,9
13916,0,0,2449,9895,9
13917,0,0,1485,32521,9
13918,0,0,23,6932,9
13919,1,1,2230,2811,9
13920,0,0,2113,9819,9
13921,0,0,205,33654,9
13922,1,1,410,59553,9
13923,0,0,491,36766,9
13924,0,0,1454,11525,9
13925,0,0,1072,22582,9
13926,0,0,1621,16817,9
13927,0,0,215,60217,9
13928,0,1,1392,45582,9
13929,0,0,933,2785,9
13930,0,0,986,36978,9
13931,0,0,269,31395,9
13932,1,1,927,28727,9
13933,1,0,450,33320,9
13934,0,0,2137,39341,9
13935,0,0,266,35820,9
13936,0,0,13,26515,9
13937,0,0,1878,49827,9
13938,0,0,1298,54332,9
13939,0,0,614,18270,9
13940,0,0,99,34883,9
13941,0,0,974,36442,9
13942,0,1,289,2582,9
13943,1,1,334,56035,9
13944,0,0,34,53205,9
13945,0,0,2203,14855,9
13946,0,0,430,4158,9
13947,0,0,331,21428,9
13948,0,0,594,11256,9
13949,0,0,1696,34849,9
13950,0,0,2449,13852,9
13951,0,0,321,52091,9
13952,0,0,1650,13327,9
13953,0,0,1264,46627,9
13954,0,0,1470,27678,9
13955,0,0,34,34225,9
13956,0,0,1896,3929,9
13957,1,1,599,2506,9
13958,0,0,2182,48485,9
13959,0,0,215,7577,9
13960,0,0,961,12155,9
13961,0,0,2386,5691,9
13962,0,0,696,33090,9
13963,0,0,284,54162,9
13964,0,0,659,8588,9
13965,1,0,281,6725,9
13966,1,1,1470,16976,9
13967,0,0,694,32571,9
13968,0,0,1879,49340,9
13969,0,0,1750,36875,9
13970,0,0,1955,30215,9
13971,0,0,1882,54594,9
13972,0,0,2497,15580,9
13973,0,0,481,43371,9
13974,0,0,1868,10738,9
13975,1,1,857,30793,9
13976,0,0,1780,2562,9
13977,1,1,424,27420,9
13978,0,0,212,45131,9
13979,0,0,378,17779,9
13980,1,0,871,26397,9
13981,0,0,349,52168,9
13982,0,0,2182,40912,9
13983,0,0,900,12096,9
13984,0,0,426,43103,9
13985,0,0,1554,36053,9
13986,0,0,1375,36530,9
13987,0,0,1793,26331,9
13988,0,0,1916,44689,9
13989,0,0,1122,26134,9
13990,0,0,378,61327,9
13991,0,0,430,36053,9
13992,0,1,321,40120,9
13993,0,0,2295,49368,9
13994,0,0,762,14124,9
13995,0,0,1535,48484,9
13996,0,0,300,33631,9
13997,0,0,1180,1564,9
13998,0,0,754,7577,9
13999,0,0,2203,34484,9
14000,0,0,34,58089,9
14001,0,0,1933,28676,9
14002,0,0,349,53553,9
14003,0,0,935,14495,9
14004,0,0,481,9652,9
14005,0,0,2100,2795,9
14006,0,0,2179,34380,9
14007,1,1,1441,15110,9
14008,0,0,430,30759,9
14009,0,0,2033,20303,9
14010,1,1,837,53931,9
14011,0,0,2342,7788,9
14012,1,0,977,47012,9
14013,0,0,1933,33338,9
14014,0,0,2137,34849,9
14015,0,0,1496,25811,9
14016,0,0,1645,31185,9
14017,0,0,658,38554,9
14018,0,0,1215,19659,9
14019,0,0,1523,15332,9
14020,0,0,1883,47317,9
14021,0,0,1645,14978,9
14022,0,0,2503,36847,9
14023,0,0,961,12629,9
14024,0,0,132,59063,9
14025,1,1,597,54393,9
14026,1,0,1793,28265,9
14027,0,0,2137,40257,9
14028,0,0,2065,43820,9
14029,0,0,1645,7380,9
14030,0,0,1793,15549,9
14031,0,0,1515,32784,9
14032,0,0,795,12723,9
14033,0,0,1568,6867,9
14034,0,0,34,59215,9
14035,1,1,73,34208,9
14036,0,0,190,24299,9
14037,0,0,459,24997,9
14038,0,0,1396,37533,9
14039,0,0,83,23792,9
14040,1,1,383,13579,9
14041,0,0,1215,59622,9
14042,0,0,626,37068,9
14043,0,0,2033,7040,9
14044,0,0,667,56129,9
14045,0,0,1878,27748,9
14046,0,0,1948,25876,9
14047,1,1,975,6940,9
14048,0,0,1769,44702,9
14049,0,0,2326,9536,9
14050,0,0,1650,7972,9
14051,0,0,344,21967,9
14052,0,0,1629,37904,9
14053,0,0,379,2022,9
14054,0,0,2326,15160,9
14055,0,0,300,20441,9
14056,0,0,815,36303,9
14057,0,0,1750,2360,9
14058,0,0,2083,2363,9
14059,0,0,1215,42779,9
14060,0,0,2441,41920,9
14061,0,0,782,14398,9
14062,0,0,1499,19649,9
14063,0,0,597,18925,9
14064,0,0,1214,23442,9
14065,0,0,212,28444,9
14066,0,0,1496,57448,9
14067,0,0,587,56244,9
14068,0,0,1107,3080,9
14069,0,0,500,60592,9
14070,0,0,1162,36573,9
14071,0,0,920,25300,9
14072,0,0,131,13322,9
14073,0,0,1048,25799,9
14074,0,0,1485,4521,9
14075,1,0,1961,58114,9
14076,0,0,13,40507,9
14077,0,0,1893,21538,9
14078,1,1,725,53349,9
14079,0,0,211,22861,9
14080,0,0,1949,51086,9
14081,0,0,1904,27442,9
14082,0,0,1554,29710,9
14083,0,0,73,25383,9
14084,1,1,8,18579,9
14085,0,0,1746,29325,9
14086,0,0,1161,14930,9
14087,0,0,636,60986,9
14088,0,0,1544,50177,9
14089,0,0,2434,22737,9
14090,0,0,2326,14110,9
14091,0,0,2435,33799,9
14092,0,0,1832,11941,9
14093,0,0,1696,36855,9
14094,0,0,1282,27055,9
14095,0,0,2279,32317,9
14096,0,0,861,34504,9
14097,0,0,244,43786,9
14098,0,0,1073,37209,9
14099,0,0,1832,31800,9
14100,0,0,2032,32916,9
14101,0,0,750,55131,9
14102,0,0,1868,11732,9
14103,0,0,957,44035,9
14104,0,0,1068,28191,9
14105,0,0,378,24720,9
14106,0,0,548,59703,9
14107,1,1,729,39232,9
14108,0,0,1974,2866,9
14109,0,0,2327,44734,9
14110,0,0,429,21415,9
14111,0,0,83,34432,9
14112,0,0,1795,48036,9
14113,0,0,974,2385,9
14114,0,0,300,18487,9
14115,0,0,477,29563,9
14116,0,0,1977,11463,9
14117,0,0,233,58755,9
14118,1,1,2076,1722,9
14119,0,0,1398,11541,9
14120,0,0,1784,30052,9
14121,0,0,1896,43293,9
14122,1,1,1564,44375,9
14123,0,0,453,30956,9
14124,0,0,1193,21283,9
14125,0,0,1398,36055,9
14126,0,0,1441,35729,9
14127,0,1,1893,5391,9
14128,0,0,269,43772,9
14129,0,0,1375,21228,9
14130,0,0,1592,33233,9
14131,0,0,920,31900,9
14132,0,0,1865,35610,9
14133,0,0,2386,13160,9
14134,1,1,1222,54118,9
14135,0,0,2032,6477,9
14136,1,1,131,9102,9
14137,0,0,1321,20241,9
14138,0,0,585,39497,9
14139,0,0,2448,58254,9
14140,0,1,1860,53004,9
14141,0,0,230,3700,9
14142,0,0,2046,51497,9
14143,0,0,2441,33132,9
14144,0,0,152,9414,9
14145,0,0,2434,7441,9
14146,0,0,453,31395,9
14147,0,0,594,60100,9
14148,0,0,2088,7022,9
14149,0,0,504,45301,9
14150,0,1,215,3526,9
14151,0,0,969,44436,9
14152,0,0,1460,36049,9
14153,0,0,876,14756,9
14154,0,0,2032,30136,9
14155,1,1,1075,43159,9
14156,0,0,2329,9547,9
14157,0,0,500,56648,9
14158,1,0,1588,6741,9
14159,0,0,1477,16381,9
14160,0,0,1477,33892,9
14161,0,0,837,23442,9
14162,1,1,897,45889,9
14163,1,1,12,9522,9
14164,0,0,180,22304,9
14165,0,0,1209,45851,9
14166,0,0,636,37209,9
14167,0,0,190,4943,9
14168,0,0,2325,58114,9
14169,0,0,1638,28010,9
14170,0,0,429,2109,9
14171,0,0,1499,16858,9
14172,0,0,238,22973,9
14173,0,0,2367,61091,9
14174,0,0,2326,31546,9
14175,0,0,2461,9287,9
14176,0,0,721,49603,9
14177,0,0,1436,49885,9
14178,0,0,1918,6394,9
14179,0,0,1879,40196,9
14180,1,1,536,52916,9
14181,0,0,778,24198,9
14182,0,0,1799,51804,9
14183,0,0,2351,58838,9
14184,0,0,2346,7552,9
14185,0,0,1052,25799,9
14186,0,0,466,53802,9
14187,0,1,437,9287,9
14188,0,0,1582,30244,9
14189,0,0,190,10652,9
14190,0,0,2351,34187,9
